1
2
3
4
7
10
12
19
23
50
51
53
58
62
67
72
76
78
94
96
103
107
108
111
113
118
120
122
129
137
139
140
141
143
146
148
152
153
155
156
168
170
172
177
178
179
186
187
188
190
191
192
200
201
202
206
207
213
214
216
219
222
223
224
227
228
229
231
232
236
238
242
243
244
248
252
253
255
258
261
262
270
277
283
284
285
295
297
301
305
316
317
318
320
322
323
324
326
327
329
330
331
332
335
337
339
343
369
373
382
390
392
394
396
397
398
399
401
402
404
405
408
409
413
415
425
426
429
431
432
434
436
441
445
451
454
460
464
467
468
471
474
475
478
480
481
482
483
487
488
492
493
496
502
503
516
517
520
524
526
527
529
532
534
541
543
544
545
549
551
552
553
558
564
566
568
571
572
574
575
578
583
586
588
592
594
595
598
603
606
607
608
610
611
612
614
617
619
622
623
624
627
635
636
638
640
643
646
648
649
652
656
659
660
662
663
664
665
666
673
674
675
676
680
681
689
693
698
700
705
706
707
710
711
714
716
718
720
721
730
732
734
735
737
738
741
742
743
751
752
753
754
756
758
760
762
765
767
768
771
773
788
793
795
805
808
813
821
822
823
826
827
829
831
832
835
838
839
843
849
851
853
854
856
858
859
860
861
864
866
867
869
870
873
874
875
878
880
881
883
885
889
892
893
895
896
898
900
901
904
905
906
909
916
918
921
922
923
924
926
930
936
937
940
942
943
944
946
948
950
952
953
954
955
960
961
962
963
964
966
967
968
969
973
976
980
982
983
985
986
989
991
992
993
995
996
1003
1006
1007
1014
1015
1017
1018
1019
1029
1030
1032
1033
1035
1037
1039
1040
1047
1048
1051
1054
1057
1058
1061
1062
1065
1066
1068
1069
1070
1071
1073
1074
1076
1080
1089
1090
1093
1094
1095
1096
1097
1098
1099
1109
1110
1117
1119
1121
1123
1124
1126
1127
1132
1134
1136
1137
1140
1142
1143
1144
1145
1147
1148
1149
1150
1151
1152
1157
1158
1160
1161
1163
1164
1168
1177
1181
1183
1184
1185
1186
1187
1188
1189
1191
1192
1193
1194
1198
1202
1204
1206
1207
1208
1209
1211
1214
1215
1216
1219
1220
1222
1223
1224
1232
1238
1241
1243
1245
1247
1248
1250
1251
1252
1255
1265
1269
1270
1272
1273
1274
1275
1277
1278
1279
1281
1282
1287
1288
1290
1293
1295
1296
1298
1300
1308
1310
1311
1312
1315
1316
1318
1319
1321
1323
1328
1329
1330
1334
1336
1337
1339
1340
1341
1342
1343
1345
1346
1349
1351
1357
1359
1360
1362
1365
1368
1370
1374
1379
1381
1382
1384
1385
1386
1388
1389
1391
1394
1395
1396
1399
1403
1404
1405
1408
1409
1411
1412
1414
1415
1416
1417
1423
1424
1427
1428
1429
1431
1432
1434
1436
1438
1441
1443
1444
1448
1449
1450
1452
1453
1454
1456
1457
1459
1460
1461
1462
1466
1468
1472
1474
1476
1479
1480
1481
1488
1490
1492
1494
1497
1498
1500
1501
1502
1503
1505
1506
1507
1508
1509
1510
1512
1521
1525
1526
1527
1528
1529
1533
1541
1542
1543
1544
1545
1546
1552
1553
1555
1556
1557
1559
1560
1563
1564
1565
1566
1567
1568
1573
1575
1576
1577
1581
1585
1587
1590
1591
1598
1601
1602
1603
1605
1606
1610
1615
1616
1618
1619
1620
1621
1622
1625
1627
1632
1635
1638
1640
1644
1650
1652
1653
1654
1655
1676
1677
1678
1681
1689
1690
1692
1693
1695
1696
1697
1700
1701
1702
1705
1706
1707
1710
1712
1713
1714
1717
1718
1726
1727
1728
1729
1730
1732
1734
1735
1736
1737
1738
1742
1743
1744
1745
1746
1748
1753
1754
1757
1758
1759
1761
1763
1765
1768
1772
1773
1777
1780
1781
1783
1784
1788
1789
1790
1793
1794
1795
1796
1797
1798
1802
1805
1806
1807
1811
1812
1817
1818
1819
1820
1821
1822
1825
1827
1832
1833
1836
1840
1841
1842
1843
1844
1845
1849
1850
1852
1853
1857
1858
1859
1860
1863
1867
1869
1873
1874
1877
1879
1880
1881
1884
1885
1888
1889
1890
1891
1892
1893
1894
1895
1896
1898
1900
1901
1902
1903
1904
1906
1907
1909
1910
1911
1914
1916
1917
1919
1920
1921
1922
1924
1926
1927
1930
1931
1932
1937
1940
1942
1946
1947
1949
1951
1952
1954
1955
1956
1958
1960
1961
1964
1965
1967
1971
1975
1976
1979
1980
1984
1989
1990
1991
1992
1994
1995
1997
2000
2005
2006
2007
2009
2010
2013
2014
2015
2016
2017
2018
2019
2021
2022
2023
2024
2026
2028
2030
2031
2034
2035
2036
2043
2045
2046
2047
2053
2055
2056
2057
2061
2062
2063
2064
2065
2066
2067
2068
2069
2070
2073
2074
2077
2078
2080
2081
2082
2083
2085
2086
2088
2090
2093
2095
2097
2099
2101
2102
2103
2104
2106
2108
2109
2112
2113
2114
2117
2119
2122
2123
2124
2128
2135
2136
2138
2140
2143
2144
2145
2146
2147
2149
2150
2151
2152
2153
2154
2155
2156
2157
2158
2159
2160
2161
2163
2168
2172
2174
2176
2180
2182
2183
2184
2185
2186
2188
2189
2192
2194
2195
2196
2197
2199
2201
2202
2204
2205
2209
2211
2214
2216
2218
2221
2225
2228
2231
2236
2237
2238
2244
2246
2250
2253
2258
2260
2262
2268
2270
2271
2272
2273
2277
2280
2282
2284
2289
2291
2293
2296
2298
2299
2301
2304
2309
2314
2315
2317
2319
2320
2321
2322
2324
2325
2326
2328
2331
2334
2335
2338
2342
2345
2346
2347
2350
2353
2358
2360
2362
2363
2366
2367
2368
2369
2370
2374
2375
2377
2381
2382
2384
2385
2386
2391
2392
2393
2396
2398
2409
2410
2411
2412
2419
2420
2422
2423
2428
2430
2434
2435
2437
2438
2440
2443
2445
2448
2451
2454
2455
2456
2457
2460
2461
2462
2465
2470
2472
2475
2478
2487
2488
2490
2495
2497
2499
2507
2508
2512
2513
2514
2515
2516
2521
2522
2525
2536
2543
2546
2551
2552
2554
2556
2559
2561
2563
2565
2568
2569
2570
2572
2575
2578
2582
2584
2585
2586
2589
2598
2604
2607
2608
2614
2616
2621
2625
2626
2627
2633
2635
2636
2639
2640
2643
2644
2645
2652
2656
2657
2665
2666
2667
2668
2672
2675
2677
2679
2681
2685
2689
2690
2694
2696
2699
2706
2709
2716
2717
2720
2723
2726
2730
2732
2733
2734
2735
2736
2738
2740
2741
2742
2743
2744
2746
2747
2748
2751
2755
2759
2764
2766
2767
2769
2771
2772
2774
2777
2782
2783
2785
2788
2790
2791
2792
2793
2794
2797
2799
2801
2805
2806
2807
2810
2811
2812
2814
2819
2820
2823
2828
2829
2830
2837
2838
2842
2844
2848
2852
2853
2855
2857
2861
2862
2863
2864
2866
2867
2868
2869
2871
2872
2875
2878
2879
2880
2883
2887
2888
2891
2892
2894
2895
2897
2901
2904
2905
2906
2909
2910
2912
2913
2915
2916
2917
2920
2921
2922
2923
2924
2925
2926
2931
2933
2936
2937
2938
2944
2947
2950
2953
2954
2958
2960
2963
2965
2966
2967
2968
2969
2971
2973
2974
2977
2978
2979
2983
2985
2988
2989
2991
2996
2998
3000
3002
3003
3005
3008
3010
3011
3013
3015
3017
3020
3021
3023
3024
3028
3029
3031
3032
3036
3040
3041
3042
3043
3046
3049
3051
3052
3053
3055
3057
3059
3060
3062
3066
3069
3070
3071
3072
3073
3075
3076
3077
3078
3079
3080
3081
3083
3084
3086
3087
3090
3091
3092
3093
3094
3096
3099
3100
3102
3115
3116
3121
3122
3123
3125
3126
3127
3133
3134
3135
3138
3139
3140
3143
3146
3148
3150
3151
3152
3153
3155
3162
3163
3167
3170
3173
3174
3175
3178
3179
3182
3183
3188
3189
3191
3198
3200
3201
3202
3203
3205
3206
3208
3209
3211
3216
3218
3219
3220
3221
3225
3226
3229
3232
3233
3234
3238
3239
3241
3248
3249
3250
3253
3256
3259
3262
3265
3268
3271
3273
3276
3277
3280
3281
3284
3286
3287
3290
3302
3303
3304
3306
3307
3308
3312
3316
3327
3328
3329
3330
3333
3338
3339
3341
3345
3349
3353
3354
3367
3369
3372
3373
3375
3378
3379
3382
3385
3387
3388
3390
3395
3396
3397
3399
3400
3401
3403
3406
3410
3418
3426
3429
3430
3431
3435
3436
3438
3440
3442
3446
3448
3449
3453
3455
3456
3460
3465
3467
3476
3478
3479
3488
3493
3495
3501
3506
3507
3510
3511
3512
3517
3523
3525
3534
3536
3537
3538
3539
3541
3544
3545
3548
3549
3553
3558
3560
3562
3567
3568
3572
3580
3581
3582
3586
3593
3600
3602
3603
3611
3616
3617
3618
3619
3624
3627
3628
3629
3631
3632
3633
3635
3637
3640
3641
3649
3650
3652
3653
3655
3656
3657
3659
3661
3663
3664
3668
3669
3671
3672
3674
3677
3682
3691
3695
3696
3697
3700
3705
3706
3707
3708
3712
3715
3717
3722
3723
3734
3736
3740
3741
3742
3743
3745
3748
3750
3751
3753
3758
3764
3765
3766
3767
3769
3777
3779
3780
3782
3783
3784
3785
3787
3788
3790
3791
3793
3795
3796
3798
3799
3800
3804
3809
3812
3815
3822
3823
3824
3825
3827
3831
3832
3833
3836
3841
3844
3848
3849
3851
3852
3854
3855
3857
3859
3860
3861
3862
3864
3865
3873
3875
3876
3877
3880
3881
3882
3887
3894
3896
3897
3901
3902
3903
3907
3908
3909
3910
3913
3915
3916
3918
3920
3922
3924
3925
3931
3932
3935
3937
3938
3939
3942
3944
3945
3946
3950
3951
3954
3958
3959
3960
3962
3964
3967
3968
3969
3970
3972
3978
3980
3985
3988
3990
3991
3992
3994
3995
3996
3997
4001
4002
4003
4007
4010
4013
4017
4020
4021
4022
4027
4029
4031
4032
4034
4035
4036
4037
4038
4040
4047
4049
4052
4053
4054
4057
4059
4060
4061
4063
4065
4066
4069
4071
4074
4075
4076
4080
4081
4088
4090
4091
4093
4094
4100
4108
4109
4112
4113
4114
4117
4119
4120
4121
4126
4129
4130
4137
4138
4140
4141
4143
4144
4146
4147
4149
4150
4152
4154
4155
4156
4162
4163
4165
4169
4170
4178
4179
4184
4187
4188
4190
4193
4195
4197
4198
4200
4201
4202
4203
4205
4207
4210
4213
4215
4216
4218
4219
4220
4225
4228
4230
4231
4234
4236
4237
4239
4240
4242
4244
4246
4250
4252
4254
4256
4257
4261
4262
4265
4267
4271
4273
4274
4275
4278
4287
4288
4289
4295
4296
4299
4303
4304
4305
4310
4313
4316
4319
4320
4321
4322
4324
4327
4328
4330
4334
4340
4342
4350
4351
4352
4353
4354
4356
4363
4364
4365
4374
4375
4376
4378
4381
4383
4384
4385
4387
4389
4395
4399
4403
4405
4407
4409
4410
4413
4416
4418
4420
4424
4425
4426
4427
4428
4429
4430
4433
4434
4439
4441
4442
4444
4446
4447
4448
4449
4450
4451
4459
4460
4461
4462
4467
4469
4473
4475
4478
4483
4488
4491
4493
4496
4508
4512
4520
4521
4523
4532
4542
4548
4551
4552
4555
4557
4559
4561
4564
4565
4569
4571
4572
4574
4576
4577
4582
4583
4585
4588
4596
4597
4598
4603
4604
4606
4612
4613
4615
4620
4623
4626
4627
4631
4632
4638
4639
4641
4647
4649
4650
4651
4652
4653
4657
4661
4663
4664
4665
4666
4670
4673
4674
4675
4677
4681
4682
4683
4685
4687
4689
4692
4694
4699
4703
4704
4707
4708
4709
4711
4714
4715
4716
4717
4721
4722
4724
4725
4726
4727
4728
4732
4733
4734
4736
4738
4740
4744
4749
4759
4761
4762
4763
4764
4770
4776
4778
4780
4781
4783
4788
4789
4790
4796
4798
4800
4802
4803
4804
4806
4808
4814
4819
4821
4822
4825
4827
4828
4831
4837
4838
4842
4843
4848
4852
4855
4859
4862
4865
4867
4870
4873
4887
4895
4904
4907
4908
4910
4911
4915
4916
4918
4921
4922
4923
4924
4927
4931
4932
4933
4941
4945
4946
4951
4952
4953
4957
4961
4962
4963
4968
4973
4975
4976
4978
4981
4982
4984
4985
4987
4997
5000
5006
5008
5022
5024
5025
5026
5027
5030
5033
5034
5039
5042
5050
5053
5059
5062
5064
5065
5067
5069
5071
5073
5074
5076
5082
5087
5088
5089
5093
5094
5097
5100
5102
5103
5104
5106
5109
5110
5111
5116
5121
5122
5123
5124
5125
5127
5129
5131
5132
5133
5134
5148
5155
5156
5158
5159
5161
5162
5163
5166
5167
5168
5171
5172
5173
5175
5176
5177
5180
5182
5183
5193
5196
5197
5199
5205
5206
5209
5210
5211
5215
5216
5222
5223
5226
5227
5228
5230
5232
5233
5234
5236
5237
5242
5252
5258
5259
5260
5271
5272
5273
5278
5279
5280
5281
5282
5288
5289
5290
5291
5292
5293
5297
5299
5302
5305
5306
5307
5312
5315
5317
5319
5320
5322
5323
5324
5326
5327
5328
5329
5331
5336
5340
5341
5342
5344
5346
5348
5350
5351
5352
5356
5363
5364
5365
5369
5371
5372
5373
5374
5376
5377
5379
5381
5382
5384
5385
5389
5390
5392
5393
5398
5403
5407
5408
5409
5410
5412
5414
5415
5417
5420
5423
5426
5428
5432
5433
5437
5442
5443
5444
5446
5447
5449
5454
5455
5456
5457
5460
5461
5462
5463
5467
5469
5470
5472
5475
5476
5481
5482
5485
5486
5487
5488
5489
5490
5491
5492
5495
5497
5498
5499
5500
5501
5502
5506
5507
5510
5511
5512
5513
5514
5515
5517
5519
5520
5521
5523
5525
5527
5534
5535
5539
5541
5542
5543
5544
5546
5548
5551
5552
5554
5555
5556
5560
5562
5563
5564
5565
5566
5569
5571
5572
5575
5576
5577
5578
5579
5580
5584
5586
5587
5588
5592
5593
5598
5599
5604
5606
5607
5608
5609
5610
5611
5612
5616
5617
5618
5624
5628
5629
5630
5632
5633
5635
5636
5637
5638
5639
5640
5646
5647
5648
5652
5653
5656
5657
5658
5659
5660
5661
5664
5665
5667
5668
5669
5670
5674
5675
5677
5679
5682
5683
5685
5687
5688
5689
5691
5695
5696
5699
5700
5702
5704
5705
5707
5709
5710
5712
5713
5717
5720
5721
5722
5723
5726
5729
5731
5732
5733
5735
5736
5742
5744
5745
5748
5750
5751
5752
5755
5756
5758
5759
5769
5772
5774
5780
5789
5791
5794
5806
5815
5819
5820
5822
5823
5825
5826
5830
5832
5833
5836
5842
5848
5855
5857
5859
5861
5862
5866
5867
5869
5873
5874
5875
5881
5882
5884
5887
5888
5890
5892
5898
5899
5900
5901
5905
5911
5916
5918
5923
5924
5928
5931
5934
5935
5939
5941
5942
5944
5945
5947
5949
5951
5954
5956
5957
5959
5960
5962
5964
5972
5973
5975
5981
5992
5994
5998
5999
6000
6003
6004
6005
6007
6008
6009
6010
6011
6012
6013
6015
6018
6020
6022
6025
6026
6043
6046
6048
6049
6050
6058
6059
6061
6063
6065
6066
6068
6069
6070
6074
6083
6088
6093
6095
6096
6097
6103
6105
6108
6111
6115
6118
6120
6121
6122
6123
6125
6127
6128
6130
6131
6134
6137
6143
6146
6149
6155
6157
6164
6165
6168
6171
6174
6179
6180
6181
6182
6183
6190
6192
6194
6206
6207
6208
6212
6215
6216
6217
6225
6226
6231
6235
6237
6238
6242
6250
6251
6252
6255
6260
6262
6265
6271
6272
6275
6277
6280
6283
6288
6290
6292
6293
6303
6307
6325
6328
6335
6338
6348
6349
6354
6355
6356
6357
6361
6363
6368
6372
6374
6380
6381
6382
6387
6388
6396
6397
6398
6399
6402
6408
6409
6411
6414
6415
6420
6426
6434
6438
6447
6451
6452
6453
6456
6457
6459
6463
6469
6473
6484
6486
6487
6488
6490
6494
6496
6497
6500
6502
6505
6507
6513
6517
6523
6524
6525
6526
6528
6532
6534
6535
6536
6541
6542
6547
6549
6553
6555
6558
6561
6562
6564
6566
6567
6571
6573
6576
6578
6583
6585
6586
6588
6589
6590
6591
6595
6596
6597
6598
6599
6602
6605
6606
6611
6613
6614
6615
6618
6620
6625
6626
6631
6632
6637
6641
6644
6645
6648
6649
6655
6660
6661
6662
6667
6671
6672
6674
6676
6678
6680
6681
6685
6686
6687
6693
6695
6696
6701
6702
6706
6707
6710
6711
6715
6716
6717
6720
6722
6724
6728
6730
6731
6732
6733
6735
6736
6737
6738
6740
6747
6748
6750
6753
6757
6758
6759
6764
6765
6768
6769
6770
6772
6773
6779
6781
6783
6784
6785
6791
6795
6799
6800
6801
6804
6805
6806
6807
6808
6809
6811
6814
6815
6819
6821
6822
6824
6825
6826
