1
2
3
4
7
10
12
19
23
50
51
53
58
62
67
72
76
78
94
96
103
107
108
111
113
118
120
122
129
137
139
140
141
143
146
148
152
153
155
156
168
170
172
177
178
179
186
187
188
190
191
192
200
201
202
206
207
213
214
216
219
222
223
224
227
228
229
231
232
236
238
242
243
244
248
252
253
255
258
261
262
270
277
283
284
285
295
297
301
305
316
317
318
320
322
323
324
326
327
329
330
331
332
335
337
339
343
369
373
382
390
392
394
396
397
398
399
401
402
404
405
408
409
413
415
425
426
429
431
432
434
436
441
445
451
454
460
464
467
468
471
474
475
478
480
481
482
483
487
488
492
493
496
502
503
516
517
520
524
526
527
529
532
534
541
543
544
545
549
551
552
553
558
564
566
568
571
572
574
575
578
583
586
588
592
594
595
598
603
606
607
608
610
611
612
614
617
619
622
623
624
627
635
636
638
640
643
646
648
649
652
656
659
660
662
663
664
665
666
673
674
675
676
680
681
689
693
698
700
705
706
707
710
711
714
716
718
720
721
730
732
734
735
737
738
741
742
743
751
752
753
754
756
758
760
762
765
767
768
771
773
788
793
795
805
808
813
821
822
823
826
827
829
831
832
835
838
839
843
849
851
853
854
856
858
859
860
861
864
866
867
869
870
873
874
875
878
880
881
883
885
889
892
893
895
896
898
900
901
904
905
906
909
916
918
921
922
923
924
926
930
936
937
940
942
943
944
946
948
950
952
953
954
955
960
961
962
963
964
966
967
968
969
973
976
980
982
983
985
986
989
991
992
993
995
996
1003
1006
1007
1014
1015
1017
1018
1019
1029
1030
1032
1033
1035
1037
1039
1040
1047
1048
1051
1054
1057
1058
1061
1062
1065
1066
1068
1069
1070
1071
1073
1074
1076
1080
1089
1090
1093
1094
1095
1096
1097
1098
1099
1109
1110
1117
1119
1121
1123
1124
1126
1127
1132
1134
1136
1137
1140
1142
1143
1144
1145
1147
1148
1149
1150
1151
1152
1157
1158
1160
1161
1163
1164
1168
1177
1181
1183
1184
1185
1186
1187
1188
1189
1191
1192
1193
1194
1198
1202
1204
1206
1207
1208
1209
1211
1214
1215
1216
1219
1220
1222
1223
1224
1232
1238
1241
1243
1245
1247
1248
1250
1251
1252
1255
1265
1269
1270
1272
1273
1274
1275
1277
1278
1279
1281
1282
1287
1288
1290
1293
1295
1296
1298
1300
1308
1310
1311
1312
1315
1316
1318
1319
1321
1323
1328
1329
1330
1334
1336
1337
1339
1340
1341
1342
1343
1345
1346
1349
1351
1357
1359
1360
1362
1365
1368
1370
1374
1379
1381
1382
1384
1385
1386
1388
1389
1391
1394
1395
1396
1399
1403
1404
1405
1408
1409
1411
1412
1414
1415
1416
1417
1423
1424
1427
1428
1429
1431
1432
1434
1436
1438
1441
1443
1444
1448
1449
1450
1452
1453
1454
1456
1457
1459
1460
1461
1462
1466
1468
1472
1474
1476
1479
1480
1481
1488
1490
1492
1494
1497
1498
1500
1501
1502
1503
1505
1506
1507
1508
1509
1510
1512
1521
1525
1526
1527
1528
1529
1533
1541
1542
1543
1544
1545
1546
1552
1553
1555
1556
1557
1559
1560
1563
1564
1565
1566
1567
1568
1573
1575
1576
1577
1581
1585
1587
1590
1591
1598
1601
1602
1603
1605
1606
1610
1615
1616
1618
1619
1620
1621
1622
1625
1627
1632
1635
1638
1640
1644
1650
1652
1653
1654
1655
1676
1677
1678
1681
1689
1690
1692
1693
1695
1696
1697
1700
1701
1702
1705
1706
1707
1710
1712
1713
1714
1717
1718
1726
1727
1728
1729
1730
1732
1734
1735
1736
1737
1738
1742
1743
1744
1745
1746
1748
1753
1754
1757
1758
1759
1761
1763
1765
1768
1772
1773
1777
1780
1781
1783
1784
1788
1789
1790
1793
1794
1795
1796
1797
1798
1802
1805
1806
1807
1811
1812
1817
1818
1819
1820
1821
1822
1825
1827
1832
1833
1836
1840
1841
1842
1843
1844
1845
1849
1850
1852
1853
1857
1858
1859
1860
1863
1867
1869
1873
1874
1877
1879
1880
1881
1884
1885
1888
1889
1890
1891
1892
1893
1894
1895
1896
1898
1900
1901
1902
1903
1904
1906
1907
1909
1910
1911
1914
1916
1917
1919
1920
1921
1922
1924
1926
1927
1930
1931
1932
1937
1940
1942
1946
1947
1949
1951
1952
1954
1955
1956
1958
1960
1961
1964
1965
1967
1971
1975
1976
1979
1980
1984
1989
1990
1991
1992
1994
1995
1997
2000
2005
2006
2007
2009
2010
2013
2014
2015
2016
2017
2018
2019
2021
2022
2023
2024
2026
2028
2030
2031
2034
2035
2036
2043
2045
2046
2047
2053
2055
2056
2057
2061
2062
2063
2064
2065
2066
2067
2068
2069
2070
2073
2074
2077
2078
2080
2081
2082
2083
2085
2086
2088
2090
2093
2095
2097
2099
2101
2102
2103
2104
2106
2108
2109
2112
2113
2114
2117
2119
2122
2123
2124
2128
2135
2136
2138
2140
2143
2144
2145
2146
2147
2149
2150
2151
2152
2153
2154
2155
2156
2157
2158
2159
2160
2161
2163
2168
2172
2174
2176
2180
2182
2183
2184
2185
2186
2188
2189
2192
2194
2195
2196
2197
2199
2201
2202
2204
2205
2209
2211
2214
2216
2218
2221
2225
2228
2231
2236
2237
2238
2244
2246
2250
2253
2258
2260
2262
2268
2270
2271
2272
2273
2277
2280
2282
2284
2289
2291
2293
2296
2298
2299
2301
2304
2309
2314
2315
2317
2319
2320
2321
2322
2324
2325
2326
2328
2331
2334
2335
2338
2342
2345
2346
2347
2350
2353
2358
2360
2362
2363
2366
2367
2368
2369
2370
2374
2375
2377
2381
2382
2384
2385
2386
2391
2392
2393
2396
2398
2409
2410
2411
2412
2419
2420
2422
2423
2428
2430
2434
2435
2437
2438
2440
2443
2445
2448
2451
2454
2455
2456
2457
2460
2461
2462
2465
2470
2472
2475
2478
2487
2488
2490
2495
2497
2499
2507
2508
2512
2513
2514
2515
2516
2521
2522
2525
2536
2543
2546
2551
2552
2554
2556
2559
2561
2563
2565
2568
2569
2570
2572
2575
2578
2582
2584
2585
2586
2589
2598
2604
2607
2608
2614
2616
2621
2625
2626
2627
2633
2635
2636
2639
2640
2643
2644
2645
2652
2656
2657
2665
2666
2667
2668
2672
2675
2677
2679
2681
2685
2689
2690
2694
2696
2699
2706
2709
2716
2717
2720
2723
2726
2730
2732
2733
2734
2735
2736
2738
2740
2741
2742
2743
2744
2746
2747
2748
2751
2755
2759
2764
2766
2767
2769
2771
2772
2774
2777
2782
2783
2785
2788
2790
2791
2792
2793
2794
2797
2799
2801
2805
2806
2807
2810
2811
2812
2814
2819
2820
2823
2828
2829
2830
2837
2838
2842
2844
2848
2852
2853
2855
2857
2861
2862
2863
2864
2866
2867
2868
2869
2871
2872
2875
2878
2879
2880
2883
2887
2888
2891
2892
2894
2895
2897
2901
2904
2905
2906
2909
2910
2912
2913
2915
2916
2917
2920
2921
2922
2923
2924
2925
2926
2931
2933
2936
2937
2938
2944
2947
2950
2953
2954
2958
2960
2963
2965
2966
2967
2968
2969
2971
2973
2974
2977
2978
2979
2983
2985
2988
2989
2991
2996
2998
3000
3002
3003
3005
3008
3010
3011
3013
3015
3017
3020
3021
3023
3024
3028
3029
3031
3032
3036
3040
3041
3042
3043
3046
3049
3051
3052
3053
3055
3057
3059
3060
3062
3066
3069
3070
3071
3072
3073
3075
3076
3077
3078
3079
3080
3081
3083
3084
3086
3087
3090
3091
3092
3093
3094
3096
3099
3100
3102
3115
3116
3121
3122
3123
3125
3126
3127
3133
3134
3135
3138
3139
3140
3143
3146
3148
3150
3151
3152
3153
3155
3162
3163
3167
3170
3173
3174
3175
3178
3179
3182
3183
3188
3189
3191
3198
3200
3201
3202
3203
3205
3206
3208
3209
3211
3216
3218
3219
3220
3221
3225
3226
3229
3232
3233
3234
3238
3239
3241
3248
3249
3250
3253
3256
3259
3262
3265
3268
3271
3273
3276
3277
3280
3281
3284
3286
3287
3290
3302
3303
3304
3306
3307
3308
3312
3316
3327
3328
3329
3330
3333
3338
3339
3341
3345
3349
3353
3354
3367
3369
3372
3373
3375
3378
3379
3382
3385
3387
3388
3390
3395
3396
3397
3399
3400
3401
3403
3406
3410
3418
3426
3429
3430
3431
3435
3436
3438
3440
3442
3446
3448
3449
3453
3455
3456
3460
3465
3467
3476
3478
3479
3488
3493
3495
3501
3506
3507
3510
3511
3512
3517
3523
3525
3534
3536
3537
3538
3539
3541
3544
3545
3548
3549
3553
3558
3560
3562
3567
3568
3572
3580
3581
3582
3586
3593
3600
3602
3603
3611
3616
3617
3618
3619
3624
3627
3628
3629
3631
3632
3633
3635
3637
3640
3641
3649
3650
3652
3653
3655
3656
3657
3659
3661
3663
3664
3668
3669
3671
3672
3674
3677
3682
3691
3695
3696
3697
3700
3705
3706
3707
3708
3712
3715
3717
3722
3723
3734
3736
3740
3741
3742
3743
3745
3748
3750
3751
3753
3758
3764
3765
3766
3767
3769
3777
3779
3780
3782
3783
3784
3785
3787
3788
3790
3791
3793
3795
3796
3798
3799
3800
3804
3809
3812
3815
3822
3823
3824
3825
3827
3831
3832
3833
3836
3841
3844
3848
3849
3851
3852
3854
3855
3857
3859
3860
3861
3862
3864
3865
3873
3875
3876
3877
3880
3881
3882
3887
3894
3896
3897
3901
3902
3903
3907
3908
3909
3910
3913
3915
3916
3918
3920
3922
3924
3925
3931
3932
3935
3937
3938
3939
3942
3944
3945
3946
3950
3951
3954
3958
3959
3960
3962
3964
3967
3968
3969
3970
3972
3978
3980
3985
3988
3990
3991
3992
3994
3995
3996
3997
4001
4002
4003
4007
4010
4013
4017
4020
4021
4022
4027
4029
4031
4032
4034
4035
4036
4037
4038
4040
4047
4049
4052
4053
4054
4057
4059
4060
4061
4063
4065
4066
4069
4071
4074
4075
4076
4080
4081
4088
4090
4091
4093
4094
4100
4108
4109
4112
4113
4114
4117
4119
4120
4121
4126
4129
4130
4137
4138
4140
4141
4143
4144
4146
4147
4149
4150
4152
4154
4155
4156
4162
4163
4165
4169
4170
4178
4179
4184
4187
4188
4190
4193
4195
4197
4198
4200
4201
4202
4203
4205
4207
4210
4213
4215
4216
4218
4219
4220
4225
4228
4230
4231
4234
4236
4237
4239
4240
4242
4244
4246
4250
4252
4254
4256
4257
4261
4262
4265
4267
4271
4273
4274
4275
4278
4287
4288
4289
4295
4296
4299
4303
4304
4305
4310
4313
4316
4319
4320
4321
4322
4324
4327
4328
4330
4334
4340
4342
4350
4351
4352
4353
4354
4356
4363
4364
4365
4374
4375
4376
4378
4381
4383
4384
4385
4387
4389
4395
4399
4403
4405
4407
4409
4410
4413
4416
4418
4420
4424
4425
4426
4427
4428
4429
4430
4433
4434
4439
4441
4442
4444
4446
4447
4448
4449
4450
4451
4459
4460
4461
4462
4467
4469
4473
4475
4478
4483
4488
4491
4493
4496
4508
4512
4520
4521
4523
4532
4542
4548
4551
4552
4555
4557
4559
4561
4564
4565
4569
4571
4572
4574
4576
4577
4582
4583
4585
4588
4596
4597
4598
4603
4604
4606
4612
4613
4615
4620
4623
4626
4627
4631
4632
4638
4639
4641
4647
4649
4650
4651
4652
4653
4657
4661
4663
4664
4665
4666
4670
4673
4674
4675
4677
4681
4682
4683
4685
4687
4689
4692
4694
4699
4703
4704
4707
4708
4709
4711
4714
4715
4716
4717
4721
4722
4724
4725
4726
4727
4728
4732
4733
4734
4736
4738
4740
4744
4749
4759
4761
4762
4763
4764
4770
4776
4778
4780
4781
4783
4788
4789
4790
4796
4798
4800
4802
4803
4804
4806
4808
4814
4819
4821
4822
4825
4827
4828
4831
4837
4838
4842
4843
4848
4852
4855
4859
4862
4865
4867
4870
4873
4887
4895
4904
4907
4908
4910
4911
4915
4916
4918
4921
4922
4923
4924
4927
4931
4932
4933
4941
4945
4946
4951
4952
4953
4957
4961
4962
4963
4968
4973
4975
4976
4978
4981
4982
4984
4985
4987
4997
5000
5006
5008
5022
5024
5025
5026
5027
5030
5033
5034
5039
5042
5050
5053
5059
5062
5064
5065
5067
5069
5071
5073
5074
5076
5082
5087
5088
5089
5093
5094
5097
5100
5102
5103
5104
5106
5109
5110
5111
5116
5121
5122
5123
5124
5125
5127
5129
5131
5132
5133
5134
5148
5155
5156
5158
5159
5161
5162
5163
5166
5167
5168
5171
5172
5173
5175
5176
5177
5180
5182
5183
5193
5196
5197
5199
5205
5206
5209
5210
5211
5215
5216
5222
5223
5226
5227
5228
5230
5232
5233
5234
5236
5237
5242
5252
5258
5259
5260
5271
5272
5273
5278
5279
5280
5281
5282
5288
5289
5290
5291
5292
5293
5297
5299
5302
5305
5306
5307
5312
5315
5317
5319
5320
5322
5323
5324
5326
5327
5328
5329
5331
5336
5340
5341
5342
5344
5346
5348
5350
5351
5352
5356
5363
5364
5365
5369
5371
5372
5373
5374
5376
5377
5379
5381
5382
5384
5385
5389
5390
5392
5393
5398
5403
5407
5408
5409
5410
5412
5414
5415
5417
5420
5423
5426
5428
5432
5433
5437
5442
5443
5444
5446
5447
5449
5454
5455
5456
5457
5460
5461
5462
5463
5467
5469
5470
5472
5475
5476
5481
5482
5485
5486
5487
5488
5489
5490
5491
5492
5495
5497
5498
5499
5500
5501
5502
5506
5507
5510
5511
5512
5513
5514
5515
5517
5519
5520
5521
5523
5525
5527
5534
5535
5539
5541
5542
5543
5544
5546
5548
5551
5552
5554
5555
5556
5560
5562
5563
5564
5565
5566
5569
5571
5572
5575
5576
5577
5578
5579
5580
5584
5586
5587
5588
5592
5593
5598
5599
5604
5606
5607
5608
5609
5610
5611
5612
5616
5617
5618
5624
5628
5629
5630
5632
5633
5635
5636
5637
5638
5639
5640
5646
5647
5648
5652
5653
5656
5657
5658
5659
5660
5661
5664
5665
5667
5668
5669
5670
5674
5675
5677
5679
5682
5683
5685
5687
5688
5689
5691
5695
5696
5699
5700
5702
5704
5705
5707
5709
5710
5712
5713
5717
5720
5721
5722
5723
5726
5729
5731
5732
5733
5735
5736
5742
5744
5745
5748
5750
5751
5752
5755
5756
5758
5759
5769
5772
5774
5780
5789
5791
5794
5806
5815
5819
5820
5822
5823
5825
5826
5830
5832
5833
5836
5842
5848
5855
5857
5859
5861
5862
5866
5867
5869
5873
5874
5875
5881
5882
5884
5887
5888
5890
5892
5898
5899
5900
5901
5905
5911
5916
5918
5923
5924
5928
5931
5934
5935
5939
5941
5942
5944
5945
5947
5949
5951
5954
5956
5957
5959
5960
5962
5964
5972
5973
5975
5981
5992
5994
5998
5999
6000
6003
6004
6005
6007
6008
6009
6010
6011
6012
6013
6015
6018
6020
6022
6025
6026
6043
6046
6048
6049
6050
6058
6059
6061
6063
6065
6066
6068
6069
6070
6074
6083
6088
6093
6095
6096
6097
6103
6105
6108
6111
6115
6118
6120
6121
6122
6123
6125
6127
6128
6130
6131
6134
6137
6143
6146
6149
6155
6157
6164
6165
6168
6171
6174
6179
6180
6181
6182
6183
6190
6192
6194
6206
6207
6208
6212
6215
6216
6217
6225
6226
6231
6235
6237
6238
6242
6250
6251
6252
6255
6260
6262
6265
6271
6272
6275
6277
6280
6283
6288
6290
6292
6293
6303
6307
6325
6328
6335
6338
6348
6349
6354
6355
6356
6357
6361
6363
6368
6372
6374
6380
6381
6382
6387
6388
6396
6397
6398
6399
6402
6408
6409
6411
6414
6415
6420
6426
6434
6438
6447
6451
6452
6453
6456
6457
6459
6463
6469
6473
6484
6486
6487
6488
6490
6494
6496
6497
6500
6502
6505
6507
6513
6517
6523
6524
6525
6526
6528
6532
6534
6535
6536
6541
6542
6547
6549
6553
6555
6558
6561
6562
6564
6566
6567
6571
6573
6576
6578
6583
6585
6586
6588
6589
6590
6591
6595
6596
6597
6598
6599
6602
6605
6606
6611
6613
6614
6615
6618
6620
6625
6626
6631
6632
6637
6641
6644
6645
6648
6649
6655
6660
6661
6662
6667
6671
6672
6674
6676
6678
6680
6681
6685
6686
6687
6693
6695
6696
6701
6702
6706
6707
6710
6711
6715
6716
6717
6720
6722
6724
6728
6730
6731
6732
6733
6735
6736
6737
6738
6740
6747
6748
6750
6753
6757
6758
6759
6764
6765
6768
6769
6770
6772
6773
6779
6781
6783
6784
6785
6791
6795
6799
6800
6801
6804
6805
6806
6807
6808
6809
6811
6814
6815
6819
6821
6822
6824
6825
6826
6828
6829
6832
6833
6834
6835
6836
6837
6840
6844
6847
6848
6854
6862
6865
6869
6872
6874
6875
6876
6882
6883
6884
6885
6886
6889
6890
6893
6894
6895
6896
6899
6901
6902
6903
6904
6906
6914
6915
6918
6919
6921
6922
6924
6926
6927
6929
6931
6933
6935
6937
6938
6939
6940
6941
6942
6945
6946
6947
6949
6954
6955
6956
6959
6960
6961
6963
6964
6969
6970
6973
6975
6976
6978
6980
6982
6983
6984
6986
6987
6992
6994
6997
6998
6999
7000
7001
7003
7004
7006
7007
7008
7011
7012
7013
7015
7016
7017
7018
7024
7025
7026
7029
7030
7032
7036
7037
7043
7044
7045
7046
7047
7049
7050
7055
7057
7059
7060
7062
7063
7064
7065
7067
7068
7071
7072
7073
7076
7079
7081
7083
7084
7088
7090
7091
7093
7095
7096
7097
7101
7102
7105
7108
7110
7113
7114
7117
7118
7119
7120
7121
7122
7123
7126
7130
7131
7132
7134
7147
7148
7149
7152
7153
7154
7156
7157
7159
7161
7162
7164
7166
7168
7170
7172
7174
7175
7176
7177
7179
7184
7187
7188
7190
7191
7192
7199
7202
7204
7205
7206
7209
7210
7214
7215
7218
7220
7221
7224
7226
7227
7230
7232
7233
7235
7236
7240
7242
7245
7250
7252
7257
7259
7260
7264
7268
7269
7272
7275
7278
7280
7282
7284
7285
7286
7289
7297
7301
7303
7307
7308
7310
7311
7312
7317
7318
7324
7325
7328
7330
7333
7342
7345
7346
7349
7351
7352
7353
7360
7361
7363
7365
7375
7379
7380
7381
7391
7393
7394
7399
7400
7402
7403
7404
7407
7408
7415
7417
7418
7420
7421
7424
7426
7435
7437
7438
7442
7444
7446
7452
7454
7458
7459
7460
7461
7469
7470
7482
7486
7487
7489
7490
7492
7493
7494
7495
7496
7497
7498
7500
7503
7505
7506
7508
7510
7511
7514
7520
7522
7523
7527
7531
7532
7533
7536
7537
7538
7539
7540
7545
7546
7547
7550
7551
7553
7554
7559
7560
7565
7567
7570
7571
7577
7581
7585
7586
7590
7591
7597
7598
7600
7601
7603
7610
7612
7613
7615
7621
7622
7625
7627
7629
7631
7633
7636
7639
7640
7644
7648
7651
7652
7653
7660
7663
7664
7668
7674
7675
7677
7678
7681
7690
7696
7697
7698
7700
7701
7702
7703
7706
7707
7710
7711
7713
7715
7717
7718
7719
7722
7727
7729
7731
7732
7734
7735
7738
7744
7745
7746
7747
7752
7754
7755
7756
7759
7760
7761
7772
7773
7776
7778
7779
7780
7781
7782
7784
7785
7791
7797
7798
7800
7801
7804
7809
7813
7814
7815
7820
7821
7825
7827
7828
7840
7843
7846
7849
7854
7868
7871
7877
7879
7880
7886
7894
7896
7897
7899
7902
7903
7904
7906
7908
7909
7913
7915
7918
7926
7929
7935
7936
7940
7945
7950
7954
7962
7964
7970
7975
7977
7982
7983
7985
7988
7989
7995
7999
8000
8001
8003
8008
8011
8013
8016
8017
8025
8029
8037
8042
8043
8048
8051
8053
8068
8072
8073
8074
8076
8081
8085
8086
8089
8090
8096
8099
8101
8105
8110
8113
8125
8127
8129
8132
8149
8152
8154
8159
8161
8163
8168
8169
8170
8171
8172
8182
8188
8189
8190
8194
8195
8197
8198
8205
8210
8211
8213
8214
8215
8217
8229
8230
8232
8238
8239
8240
8243
8245
8247
8253
8254
8257
8259
8264
8267
8271
8272
8274
8275
8277
8278
8280
8285
8293
8304
8306
8310
8316
8317
8318
8321
8323
8327
8329
8334
8336
8338
8340
8343
8344
8346
8347
8349
8351
8356
8357
8359
8360
8364
8367
8368
8371
8375
8383
8387
8388
8392
8393
8395
8399
8402
8406
8410
8412
8413
8416
8420
8421
8422
8424
8426
8427
8428
8429
8431
8433
8434
8435
8440
8442
8446
8448
8449
8450
8451
8452
8453
8456
8459
8464
8465
8467
8476
8477
8481
8483
8485
8487
8490
8493
8496
8499
8500
8505
8506
8507
8508
8510
8512
8513
8514
8517
8518
8520
8521
8524
8525
8526
8527
8528
8533
8538
8542
8546
8547
8548
8549
8550
8553
8554
8556
8557
8561
8564
8567
8568
8570
8571
8572
8573
8575
8576
8579
8582
8583
8587
8589
8590
8591
8594
8595
8597
8598
8602
8603
8606
8607
8609
8610
8611
8613
8616
8617
8622
8624
8630
8631
8632
8633
8634
8636
8638
8641
8643
8644
8649
8652
8653
8654
8656
8657
8658
8660
8667
8668
8670
8675
8676
8678
8679
8680
8690
8692
8698
8701
8704
8705
8706
8708
8712
8714
8715
8716
8719
8720
8727
8728
8730
8732
8733
8738
8740
8742
8744
8745
8746
8754
8761
8762
8765
8767
8769
8770
8771
8773
8774
8775
8782
8786
8788
8796
8800
8801
8802
8803
8808
8809
8810
8813
8820
8824
8825
8827
8828
8831
8832
8834
8836
8841
8844
8845
8848
8853
8859
8861
8863
8866
8867
8868
8873
8874
8877
8879
8883
8889
8893
8894
8895
8896
8898
8902
8912
8913
8914
8919
8922
8923
8924
8925
8926
8927
8928
8930
8931
8932
8934
8936
8938
8943
8953
8954
8956
8957
8961
8962
8963
8964
8965
8966
8970
8971
8973
8978
8979
8980
8984
8985
8986
8990
8992
8993
8999
9000
9001
9003
9004
9005
9012
9013
9018
9019
9027
9034
9036
9037
9042
9043
9045
9047
9052
9054
9055
9056
9057
9059
9065
9071
9074
9075
9077
9082
9086
9087
9090
9091
9094
9095
9096
9100
9104
9110
9112
9115
9118
9122
9135
9137
9138
9141
9142
9147
9150
9155
9163
9165
9166
9167
9168
9169
9171
9174
9182
9186
9187
9192
9193
9195
9196
9197
9206
9208
9216
9217
9219
9220
9222
9223
9228
9231
9232
9235
9241
9244
9247
9248
9249
9253
9255
9256
9261
9262
9263
9268
9269
9270
9271
9276
9284
9298
9299
9305
9307
9316
9320
9324
9329
9330
9332
9335
9342
9345
9346
9352
9354
9355
9356
9366
9367
9369
9371
9375
9378
9380
9382
9383
9389
9399
9402
9406
9407
9408
9413
9414
9416
9418
9420
9422
9427
9428
9432
9433
9434
9441
9446
9447
9451
9455
9456
9457
9462
9465
9468
9470
9471
9472
9474
9475
9477
9478
9480
9488
9494
9499
9501
9502
9506
9509
9517
9518
9522
9530
9533
9538
9541
9543
9545
9546
9551
9554
9556
9557
9558
9561
9563
9564
9570
9571
9572
9574
9575
9581
9589
9591
9601
9604
9606
9612
9613
9619
9620
9624
9625
9628
9629
9632
9634
9635
9638
9640
9644
9645
9649
9650
9651
9656
9660
9666
9671
9672
9673
9676
9681
9682
9685
9690
9692
9696
9699
9700
9704
9706
9707
9708
9710
9712
9713
9719
9720
9730
9731
9737
9740
9741
9742
9750
9753
9762
9764
9767
9768
9769
9770
9772
9777
9778
9779
9781
9783
9784
9785
9786
9793
9795
9797
9800
9804
9806
9807
9809
9812
9813
9816
9825
9832
9834
9836
9837
9838
9840
9844
9846
9847
9848
9852
9853
9855
9861
9863
9865
9869
9870
9872
9874
9875
9877
9882
9891
9900
9901
9902
9908
9913
9914
9917
9919
9920
9921
9933
9936
9938
9942
9946
9952
9957
9958
9959
9960
9961
9968
9972
9973
9976
9980
9982
9989
9992
9993
9994
9996
10110
10111
10113
10115
10116
10117
10119
10121
10125
10127
10129
10132
10133
10134
10139
10144
10145
10150
10151
10152
10154
10155
10159
10165
10167
10169
10173
10174
10175
10176
10180
10181
10186
10188
10190
10194
10199
10200
10201
10203
10207
10208
10209
10210
10212
10214
10215
10216
10218
10226
10233
10234
10235
10236
10237
10241
10243
10246
10247
10257
10262
10263
10264
10267
10268
10270
10272
10273
10274
10275
10279
10280
10281
10282
10283
10287
10288
10291
10294
10298
10299
10300
10303
10304
10305
10306
10311
10312
10316
10319
10321
10324
10325
10326
10328
10330
10337
10338
10339
10341
10343
10344
10351
10352
10353
10354
10357
10362
10364
10377
10380
10382
10383
10385
10386
10392
10400
10401
10402
10407
10408
10409
10410
10412
10413
10414
10418
10420
10426
10427
10433
10448
10450
10454
10455
10456
10457
10463
10466
10467
10473
10476
10479
10487
10490
10492
10493
10495
10498
10499
10500
10504
10505
10506
10508
10514
10519
10521
10523
10526
10533
10540
10541
10542
10543
10545
10548
10551
10553
10563
10569
10570
10574
10575
10576
10580
10585
10586
10588
10591
10595
10600
10601
10602
10606
10612
10614
10621
10627
10639
10649
10660
10662
10664
10670
10673
10676
10677
10678
10679
10680
10681
10683
10688
10696
10698
10701
10708
10709
10711
10715
10717
10724
10727
10731
10735
10743
10748
10750
10753
10755
10756
10759
10760
10761
10763
10764
10765
10785
10786
10789
10795
10796
10798
10799
10805
10807
10809
10812
10813
10817
10818
10823
10826
10828
10829
10832
10836
10842
10847
10853
10854
10863
10864
10865
10866
10870
10872
10873
10874
10877
10878
10879
10882
10888
10889
10892
10896
10903
10907
10916
10919
10922
10932
10936
10947
10949
10950
10951
10955
10956
10961
10962
10965
10967
10969
10975
10980
10983
10985
10988
10989
10994
10996
10998
10999
11000
11002
11005
11009
11013
11023
11028
11030
11032
11035
11046
11050
11054
11056
11063
11064
11068
11071
11076
11084
11090
11103
11113
11116
11117
11118
11119
11123
11125
11136
11137
11144
11150
11161
11162
11173
11175
11176
11178
11179
11181
11182
11183
11193
11201
11209
11211
11212
11214
11218
11221
11223
11224
11240
11242
11244
11252
11256
11257
11276
11281
11286
11289
11293
11294
11297
11299
11306
11317
11320
11321
11323
11327
11329
11334
11340
11343
11345
11347
11348
11349
11352
11353
11354
11356
11357
11359
11365
11368
11369
11370
11371
11374
11375
11382
11385
11386
11388
11390
11391
11392
11393
11396
11397
11399
11403
11404
11407
11408
11411
11414
11415
11416
11420
11421
11424
11426
11427
11428
11429
11435
11436
11437
11438
11441
11446
11450
11452
11459
11460
11462
11464
11466
11467
11468
11473
11476
11479
11481
11482
11484
11486
11488
11489
11490
11500
11503
11504
11507
11512
11516
11519
11520
11521
11529
11530
11531
11532
11535
11537
11539
11540
11544
11549
11550
11553
11554
11555
11557
11558
11564
11565
11567
11568
11569
11570
11571
11574
11580
11581
11583
11588
11589
11590
11592
11593
11594
11595
11603
11604
11605
11606
11609
11610
11611
11612
11613
11615
11616
11626
11627
11631
11639
11640
11641
11644
11646
11650
11657
11658
11659
11662
11670
11672
11673
11676
11677
11678
11679
11680
11683
11684
11691
11693
11694
11699
11701
11702
11703
11706
11713
11715
11717
11718
11720
11722
11726
11727
11730
11731
11733
11734
11736
11737
11739
11741
11744
11745
11746
11747
11748
11750
11755
11756
11757
11760
11762
11763
11764
11765
11768
11769
11772
11778
11779
11780
11782
11783
11786
11788
11789
11790
11791
11792
11793
11797
11798
11799
11800
11805
11808
11811
11813
11817
11818
11820
11822
11824
11826
11827
11831
11835
11836
11838
11840
11841
11845
11854
11863
11864
11865
11866
11867
11869
11870
11872
11874
11875
11876
11877
11879
11881
11882
11887
11888
11889
11890
11891
11892
11894
11895
11898
11899
11900
11901
11902
11903
11907
11908
11909
11910
11913
11914
11919
11925
11929
11930
11931
11932
11933
11935
11936
11938
11939
11940
11942
11943
11945
11946
11952
11953
11955
11956
11958
11960
11961
11968
11971
11982
11983
11985
11986
11989
11990
11991
11992
11993
11996
11997
11999
12000
12007
12008
12014
12015
12020
12022
12029
12031
12035
12037
12038
12039
12040
12041
12042
12046
12048
12055
12057
12058
12059
12060
12061
12063
12066
12068
12069
12071
12072
12077
12082
12085
12088
12090
12092
12093
12096
12097
12098
12100
12101
12105
12110
12113
12115
12123
12124
12126
12129
12131
12132
12135
12136
12140
12142
12145
12149
12150
12152
12157
12159
12161
12170
12171
12173
12178
12179
12180
12185
12187
12193
12196
12197
12199
12203
12204
12207
12209
12211
12214
12217
12218
12220
12225
12226
12228
12229
12230
12232
12237
12239
12242
12244
12246
12248
12249
12256
12257
12258
12260
12262
12264
12265
12266
12272
12273
12275
12276
12278
12280
12283
12285
12286
12288
12290
12292
12299
12302
12304
12307
12309
12312
12320
12322
12323
12324
12328
12330
12334
12335
12336
12337
12341
12345
12346
12349
12350
12351
12352
12354
12356
12357
12360
12361
12367
12368
12370
12374
12383
12384
12386
12387
12390
12392
12395
12401
12402
12403
12410
12412
12414
12415
12417
12419
12420
12427
12428
12434
12436
12440
12442
12444
12446
12449
12454
12458
12464
12466
12467
12468
12471
12472
12473
12474
12475
12479
12481
12487
12488
12492
12498
12500
12510
12511
12512
12513
12514
12516
12520
12522
12525
12526
12529
12530
12531
12534
12539
12540
12541
12550
12554
12557
12559
12567
12574
12575
12580
12583
12586
12592
12593
12595
12597
12605
12609
12611
12615
12617
12619
12622
12626
12627
12629
12634
12635
12636
12638
12646
12664
12686
12691
12695
12697
12698
12699
12701
12705
12710
12714
12717
12718
12720
12721
12723
12724
12725
12726
12727
12730
12736
12738
12739
12744
12748
12750
12752
12753
12757
12758
12759
12762
12763
12764
12766
12772
12775
12779
12781
12784
12788
12789
12792
12794
12803
12804
12806
12810
12813
12817
12819
12823
12825
12826
12827
12829
12830
12831
12833
12840
12844
12847
12848
12850
12851
12857
12858
12861
12862
12863
12865
12867
12869
12870
12873
12874
12879
12887
12888
12890
12895
12899
12901
12904
12906
12911
12912
12915
12917
12918
12923
12926
12928
12933
12935
12937
12940
12941
12943
12944
12945
12946
12947
12950
12951
12954
12955
12964
12965
12966
12973
12974
12977
12978
12979
12982
12983
12985
12986
12987
12990
12994
12997
13002
13003
13004
13005
13007
13008
13010
13011
13014
13015
13016
13017
13019
13021
13023
13024
13025
13026
13027
13028
13029
13031
13033
13034
13036
13037
13038
13040
13045
13049
13052
13053
13059
13060
13068
13070
13071
13072
13078
13081
13082
13083
13086
13089
13090
13091
13092
13093
13099
13100
13102
13104
13106
13109
13111
13115
13116
13120
13122
13127
13131
13132
13135
13136
13137
13138
13139
13140
13146
13155
13156
13157
13158
13162
13163
13166
13167
13172
13173
13177
13180
13184
13188
13190
13192
13194
13198
13199
13200
13203
13204
13206
13207
13208
13211
13212
13213
13214
13215
13216
13220
13222
13223
13225
13230
13231
13234
13236
13239
13241
13242
13246
13248
13251
13252
13255
13258
13259
13261
13263
13265
13266
13271
13273
13274
13277
13278
13279
13280
13284
13287
13290
13291
13293
13299
13300
13302
13308
13309
13311
13314
13315
13316
13318
13319
13320
13325
13327
13330
13331
13332
13337
13338
13340
13343
13344
13346
13350
13351
13354
13355
13357
13361
13362
13370
13371
13373
13374
13375
13378
13386
13388
13391
13392
13393
13397
13398
13402
13405
13407
13414
13416
13419
13423
13426
13428
13429
13431
13433
13434
13436
13443
13445
13446
13450
13451
13452
13455
13462
13463
13465
13466
13467
13470
13471
13473
13476
13479
13481
13483
13484
13485
13486
13488
13490
13491
13495
13498
13499
13500
13501
13503
13504
13505
13506
13511
13519
13520
13526
13529
13532
13533
13536
13539
13543
13546
13551
13553
13554
13557
13561
13562
13566
13568
13570
13573
13579
13580
13581
13582
13583
13589
13590
13592
13593
13596
13597
13598
13599
13603
13606
13612
13613
13615
13616
13617
13619
13621
13622
13623
13624
13625
13626
13628
13631
13632
13633
13635
13638
13641
13650
13652
13653
13656
13662
13664
13667
13674
13675
13676
13679
13680
13681
13683
13685
13688
13690
13692
13693
13696
13698
13699
13703
13704
13706
