1
2
3
4
7
10
12
19
23
32
40
45
50
51
53
58
62
66
67
68
71
72
76
78
80
92
93
94
96
97
101
103
107
108
111
113
118
120
122
129
136
137
139
140
141
143
146
147
148
149
152
153
155
156
168
170
172
177
178
179
186
187
188
190
191
192
198
200
201
202
206
207
213
214
216
219
222
223
224
226
227
228
229
231
232
235
236
237
238
242
243
244
248
250
252
253
255
258
261
262
263
264
266
270
277
283
284
285
295
297
298
301
302
303
305
310
313
316
317
318
320
322
323
324
326
327
329
330
331
332
335
337
339
343
361
363
365
367
369
370
373
378
382
386
390
392
394
396
397
398
399
401
402
404
405
406
407
408
409
413
415
418
425
426
429
431
432
434
436
441
445
446
451
454
458
460
464
467
468
471
474
475
478
480
481
482
483
487
488
489
490
492
493
496
500
502
503
516
517
520
524
526
527
529
532
534
541
543
544
545
548
549
551
552
553
554
558
564
566
568
571
572
574
575
576
578
583
586
588
591
592
593
594
595
598
603
606
607
608
610
611
612
614
617
619
622
623
624
627
635
636
638
640
643
646
648
649
651
652
656
659
660
662
663
664
665
666
672
673
674
675
676
680
681
689
690
693
694
698
700
701
702
705
706
707
710
711
714
716
718
720
721
724
725
729
730
732
734
735
736
737
738
741
742
743
751
752
753
754
756
758
760
761
762
765
766
767
768
769
771
772
773
787
788
793
794
795
798
805
808
813
819
821
822
823
826
827
828
829
831
832
835
837
838
839
842
843
849
851
853
854
856
858
859
860
861
862
864
866
867
869
870
873
874
875
878
880
881
883
885
887
889
890
892
893
895
896
898
900
901
904
905
906
909
916
918
921
922
923
924
926
930
931
936
937
940
941
942
943
944
946
948
950
952
953
954
955
960
961
962
963
964
965
966
967
968
969
972
973
976
977
980
981
982
983
984
985
986
989
991
992
993
995
996
1003
1006
1007
1013
1014
1015
1017
1018
1019
1020
1021
1026
1029
1030
1032
1033
1035
1037
1039
1040
1047
1048
1051
1054
1055
1056
1057
1058
1061
1062
1064
1065
1066
1068
1069
1070
1071
1073
1074
1076
1080
1081
1084
1089
1090
1093
1094
1095
1096
1097
1098
1099
1102
1103
1105
1106
1109
1110
1111
1114
1117
1118
1119
1121
1123
1124
1126
1127
1129
1130
1132
1133
1134
1136
1137
1138
1139
1140
1142
1143
1144
1145
1147
1148
1149
1150
1151
1152
1157
1158
1160
1161
1163
1164
1166
1167
1168
1171
1173
1174
1177
1181
1182
1183
1184
1185
1186
1187
1188
1189
1190
1191
1192
1193
1194
1198
1202
1204
1206
1207
1208
1209
1211
1214
1215
1216
1217
1218
1219
1220
1222
1223
1224
1226
1232
1233
1238
1241
1243
1245
1246
1247
1248
1250
1251
1252
1254
1255
1258
1259
1263
1264
1265
1268
1269
1270
1272
1273
1274
1275
1277
1278
1279
1281
1282
1284
1287
1288
1290
1293
1295
1296
1298
1299
1300
1308
1309
1310
1311
1312
1315
1316
1318
1319
1321
1323
1328
1329
1330
1331
1334
1336
1337
1338
1339
1340
1341
1342
1343
1345
1346
1349
1351
1354
1356
1357
1358
1359
1360
1361
1362
1363
1365
1366
1367
1368
1369
1370
1374
1375
1379
1381
1382
1383
1384
1385
1386
1387
1388
1389
1390
1391
1393
1394
1395
1396
1397
1399
1403
1404
1405
1408
1409
1410
1411
1412
1414
1415
1416
1417
1423
1424
1427
1428
1429
1430
1431
1432
1433
1434
1436
1437
1438
1440
1441
1443
1444
1447
1448
1449
1450
1452
1453
1454
1456
1457
1458
1459
1460
1461
1462
1463
1466
1468
1470
1471
1472
1474
1475
1476
1477
1478
1479
1480
1481
1482
1483
1484
1485
1486
1488
1490
1492
1493
1494
1497
1498
1500
1501
1502
1503
1504
1505
1506
1507
1508
1509
1510
1512
1514
1515
1517
1518
1519
1520
1521
1523
1524
1525
1526
1527
1528
1529
1533
1534
1537
1538
1539
1541
1542
1543
1544
1545
1546
1548
1551
1552
1553
1555
1556
1557
1559
1560
1561
1562
1563
1564
1565
1566
1567
1568
1570
1573
1574
1575
1576
1577
1580
1581
1583
1584
1585
1586
1587
1588
1590
1591
1592
1593
1594
1595
1596
1597
1598
1599
1600
1601
1602
1603
1605
1606
1608
1609
1610
1611
1612
1613
1615
1616
1617
1618
1619
1620
1621
1622
1625
1627
1632
1635
1636
1637
1638
1639
1640
1644
1647
1650
1652
1653
1654
1655
1656
1657
1676
1677
1678
1680
1681
1682
1684
1687
1688
1689
1690
1692
1693
1694
1695
1696
1697
1698
1700
1701
1702
1703
1704
1705
1706
1707
1708
1710
1711
1712
1713
1714
1716
1717
1718
1722
1726
1727
1728
1729
1730
1732
1734
1735
1736
1737
1738
1739
1742
1743
1744
1745
1746
1748
1751
1753
1754
1757
1758
1759
1761
1762
1763
1764
1765
1767
1768
1772
1773
1776
1777
1779
1780
1781
1782
1783
1784
1788
1789
1790
1791
1793
1794
1795
1796
1797
1798
1799
1802
1803
1805
1806
1807
1808
1809
1811
1812
1813
1816
1817
1818
1819
1820
1821
1822
1824
1825
1827
1828
1830
1832
1833
1836
1839
1840
1841
1842
1843
1844
1845
1849
1850
1852
1853
1857
1858
1859
1860
1861
1862
1863
1867
1869
1870
1872
1873
1874
1875
1877
1878
1879
1880
1881
1882
1883
1884
1885
1887
1888
1889
1890
1891
1892
1893
1894
1895
1896
1898
1900
1901
1902
1903
1904
1905
1906
1907
1908
1909
1910
1911
1913
1914
1915
1916
1917
1918
1919
1920
1921
1922
1924
1926
1927
1928
1930
1931
1932
1937
1939
1940
1941
1942
1943
1944
1946
1947
1948
1949
1951
1952
1954
1955
1956
1958
1960
1961
1964
1965
1967
1969
1971
1975
1976
1978
1979
1980
1983
1984
1987
1989
1990
1991
1992
1993
1994
1995
1996
1997
1998
1999
2000
2003
2005
2006
2007
2009
2010
2012
2013
2014
2015
2016
2017
2018
2019
2020
2021
2022
2023
2024
2026
2028
2029
2030
2031
2032
2034
2035
2036
2037
2039
2042
2043
2045
2046
2047
2048
2049
2052
2053
2055
2056
2057
2058
2061
2062
2063
2064
2065
2066
2067
2068
2069
2070
2072
2073
2074
2077
2078
2080
2081
2082
2083
2085
2086
2087
2088
2090
2093
2094
2095
2097
2099
2101
2102
2103
2104
2106
2108
2109
2110
2112
2113
2114
2115
2117
2118
2119
2122
2123
2124
2126
2127
2128
2131
2134
2135
2136
2137
2138
2139
2140
2142
2143
2144
2145
2146
2147
2149
2150
2151
2152
2153
2154
2155
2156
2157
2158
2159
2160
2161
2163
2164
2165
2166
2167
2168
2169
2170
2171
2172
2174
2175
2176
2178
2180
2182
2183
2184
2185
2186
2187
2188
2189
2190
2191
2192
2193
2194
2195
2196
2197
2198
2199
2200
2201
2202
2204
2205
2208
2209
2211
2214
2216
2218
2221
2222
2223
2224
2225
2227
2228
2230
2231
2233
2236
2237
2238
2239
2244
2246
2247
2248
2249
2250
2252
2253
2254
2255
2256
2257
2258
2260
2262
2264
2265
2268
2270
2271
2272
2273
2277
2278
2280
2281
2282
2283
2284
2286
2289
2291
2292
2293
2295
2296
2298
2299
2301
2304
2309
2314
2315
2316
2317
2318
2319
2320
2321
2322
2324
2325
2326
2327
2328
2329
2330
2331
2333
2334
2335
2336
2337
2338
2339
2340
2342
2344
2345
2346
2347
2349
2350
2351
2352
2353
2354
2357
2358
2360
2361
2362
2363
2366
2367
2368
2369
2370
2374
2375
2376
2377
2381
2382
2384
2385
2386
2387
2390
2391
2392
2393
2394
2395
2396
2398
2399
2402
2409
2410
2411
2412
2414
2415
2419
2420
2421
2422
2423
2426
2427
2428
2430
2432
2433
2434
2435
2437
2438
2440
2441
2443
2444
2445
2446
2448
2451
2452
2454
2455
2456
2457
2458
2459
2460
2461
2462
2463
2464
2465
2466
2467
2468
2470
2471
2472
2475
2477
2478
2486
2487
2488
2489
2490
2491
2492
2493
2495
2496
2497
2499
2503
2504
2506
2507
2508
2509
2510
2511
2512
2513
2514
2515
2516
2517
2519
2521
2522
2524
2525
2529
2535
2536
2537
2542
2543
2546
2547
2551
2552
2554
2555
2556
2559
2561
2562
2563
2564
2565
2566
2567
2568
2569
2570
2571
2572
2575
2577
2578
2582
2584
2585
2586
2588
2589
2594
2595
2598
2601
2602
2603
2604
2606
2607
2608
2609
2611
2613
2614
2616
2619
2621
2623
2625
2626
2627
2630
2631
2633
2634
2635
2636
2639
2640
2642
2643
2644
2645
2647
2649
2650
2651
2652
2654
2656
2657
2662
2663
2664
2665
2666
2667
2668
2669
2670
2672
2673
2674
2675
2677
2679
2681
2682
2684
2685
2686
2688
2689
2690
2691
2692
2694
2695
2696
2698
2699
2700
2701
2703
2705
2706
2707
2708
2709
2712
2714
2716
2717
2720
2722
2723
2726
2728
2729
2730
2731
2732
2733
2734
2735
2736
2738
2740
2741
2742
2743
2744
2745
2746
2747
2748
2749
2751
2752
2753
2754
2755
2757
2759
2761
2762
2764
2766
2767
2768
2769
2771
2772
2773
2774
2777
2778
2782
2783
2785
2786
2788
2790
2791
2792
2793
2794
2795
2797
2799
2801
2803
2804
2805
2806
2807
2808
2809
2810
2811
2812
2813
2814
2818
2819
2820
2823
2825
2826
2827
2828
2829
2830
2831
2832
2833
2834
2837
2838
2839
2840
2841
2842
2844
2845
2848
2849
2852
2853
2854
2855
2857
2858
2859
2860
2861
2862
2863
2864
2865
2866
2867
2868
2869
2870
2871
2872
2873
2874
2875
2876
2878
2879
2880
2882
2883
2884
2885
2886
2887
2888
2890
2891
2892
2894
2895
2896
2897
2898
2901
2902
2903
2904
2905
2906
2909
2910
2912
2913
2915
2916
2917
2918
2919
2920
2921
2922
2923
2924
2925
2926
2930
2931
2933
2934
2936
2937
2938
2941
2942
2944
2946
2947
2948
2950
2951
2953
2954
2955
2956
2958
2959
2960
2961
2962
2963
2964
2965
2966
2967
2968
2969
2971
2973
2974
2975
2977
2978
2979
2980
2981
2983
2984
2985
2988
2989
2990
2991
2993
2995
2996
2998
2999
3000
3001
3002
3003
3005
3008
3009
3010
3011
3013
3014
3015
3017
3020
3021
3023
3024
3028
3029
3030
3031
3032
3034
3036
3037
3040
3041
3042
3043
3044
3046
3047
3048
3049
3051
3052
3053
3055
3057
3059
3060
3061
3062
3063
3064
3065
3066
3068
3069
3070
3071
3072
3073
3075
3076
3077
3078
3079
3080
3081
3082
3083
3084
3086
3087
3088
3089
3090
3091
3092
3093
3094
3096
3097
3098
3099
3100
3102
3103
3106
3109
3110
3115
3116
3117
3118
3121
3122
3123
3125
3126
3127
3132
3133
3134
3135
3138
3139
3140
3142
3143
3144
3145
3146
3147
3148
3149
3150
3151
3152
3153
3154
3155
3156
3159
3161
3162
3163
3164
3165
3167
3168
3169
3170
3171
3173
3174
3175
3176
3177
3178
3179
3181
3182
3183
3184
3185
3186
3188
3189
3190
3191
3193
3196
3197
3198
3200
3201
3202
3203
3204
3205
3206
3207
3208
3209
3211
3216
3217
3218
3219
3220
3221
3223
3225
3226
3227
3229
3230
3231
3232
3233
3234
3236
3237
3238
3239
3240
3241
3243
3245
3247
3248
3249
3250
3252
3253
3255
3256
3257
3259
3261
3262
3263
3265
3268
3269
3270
3271
3272
3273
3274
3276
3277
3278
3280
3281
3282
3283
3284
3285
3286
3287
3289
3290
3292
3295
3297
3300
3302
3303
3304
3306
3307
3308
3312
3316
3317
3318
3319
3320
3321
3323
3327
3328
3329
3330
3331
3333
3334
3336
3337
3338
3339
3340
3341
3344
3345
3349
3350
3352
3353
3354
3356
3357
3358
3363
3365
3367
3368
3369
3371
3372
3373
3375
3376
3377
3378
3379
3382
3383
3384
3385
3386
3387
3388
3389
3390
3391
3392
3394
3395
3396
3397
3398
3399
3400
3401
3402
3403
3404
3405
3406
3408
3410
3411
3415
3416
3418
3420
3421
3422
3423
3424
3425
3426
3427
3429
3430
3431
3432
3433
3434
3435
3436
3437
3438
3439
3440
3441
3442
3443
3445
3446
3447
3448
3449
3450
3451
3452
3453
3455
3456
3460
3462
3465
3466
3467
3468
3469
3474
3476
3477
3478
3479
3480
3481
3482
3483
3484
3485
3488
3489
3490
3491
3492
3493
3494
3495
3496
3497
3498
3499
3500
3501
3504
3505
3506
3507
3508
3510
3511
3512
3513
3514
3516
3517
3518
3519
3522
3523
3524
3525
3526
3529
3531
3532
3534
3536
3537
3538
3539
3541
3543
3544
3545
3546
3547
3548
3549
3550
3553
3554
3558
3559
3560
3562
3566
3567
3568
3570
3571
3572
3573
3574
3575
3579
3580
3581
3582
3583
3585
3586
3587
3590
3592
3593
3595
3596
3599
3600
3602
3603
3605
3607
3610
3611
3613
3614
3616
3617
3618
3619
3623
3624
3625
3627
3628
3629
3631
3632
3633
3634
3635
3636
3637
3638
3639
3640
3641
3643
3645
3649
3650
3651
3652
3653
3654
3655
3656
3657
3659
3661
3663
3664
3668
3669
3671
3672
3673
3674
3676
3677
3679
3680
3681
3682
3684
3687
3688
3691
3692
3693
3694
3695
3696
3697
3699
3700
3702
3703
3705
3706
3707
3708
3710
3711
3712
3713
3714
3715
3717
3718
3722
3723
3725
3726
3728
3729
3730
3733
3734
3735
3736
3737
3738
3739
3740
3741
3742
3743
3745
3746
3747
3748
3750
3751
3752
3753
3754
3755
3756
3757
3758
3761
3764
3765
3766
3767
3769
3770
3777
3778
3779
3780
3781
3782
3783
3784
3785
3787
3788
3789
3790
3791
3792
3793
3794
3795
3796
3797
3798
3799
3800
3802
3804
3805
3808
3809
3811
3812
3815
3818
3822
3823
3824
3825
3826
3827
3828
3830
3831
3832
3833
3836
3839
3840
3841
3844
3845
3848
3849
3851
3852
3854
3855
3856
3857
3859
3860
3861
3862
3863
3864
3865
3873
3875
3876
3877
3878
3880
3881
3882
3883
3887
3890
3892
3893
3894
3896
3897
3898
3899
3900
3901
3902
3903
3906
3907
3908
3909
3910
3911
3913
3915
3916
3918
3920
3922
3924
3925
3926
3930
3931
3932
3934
3935
3936
3937
3938
3939
3940
3941
3942
3944
3945
3946
3948
3949
3950
3951
3954
3957
3958
3959
3960
3962
3964
3965
3967
3968
3969
3970
3971
3972
3973
3977
3978
3980
3985
3986
3987
3988
3990
3991
3992
3993
3994
3995
3996
3997
3998
4000
4001
4002
4003
4006
4007
4009
4010
4011
4012
4013
4017
4020
4021
4022
4023
4024
4027
4028
4029
4030
4031
4032
4033
4034
4035
4036
4037
4038
4039
4040
4041
4042
4043
4047
4048
4049
4050
4051
4052
4053
4054
4057
4058
4059
4060
4061
4062
4063
4064
4065
4066
4069
4071
4072
4073
4074
4075
4076
4079
4080
4081
4083
4084
4085
4087
4088
4089
4090
4091
4093
4094
4095
4097
4098
4099
4100
4101
4102
4104
4105
4106
4107
4108
4109
4110
4111
4112
4113
4114
4117
4118
4119
4120
4121
4123
4125
4126
4128
4129
4130
4131
4132
4136
4137
4138
4139
4140
4141
4142
4143
4144
4145
4146
4147
4149
4150
4152
4154
4155
4156
4159
4162
4163
4165
4166
4169
4170
4171
4172
4178
4179
4180
4181
4182
4183
4184
4185
4186
4187
4188
4190
4193
4195
4196
4197
4198
4199
4200
4201
4202
4203
4205
4206
4207
4209
4210
4212
4213
4214
4215
4216
4218
4219
4220
4222
4225
4226
4227
4228
4230
4231
4232
4234
4236
4237
4239
4240
4241
4242
4244
4246
4247
4250
4252
4254
4256
4257
4258
4259
4260
4261
4262
4265
4267
4268
4269
4270
4271
4272
4273
4274
4275
4276
4277
4278
4280
4282
4284
4286
4287
4288
4289
4290
4292
4293
4294
4295
4296
4299
4300
4301
4303
4304
4305
4306
4308
4310
4311
4312
4313
4315
4316
4317
4319
4320
4321
4322
4323
4324
4327
4328
4330
4332
4333
4334
4335
4336
4337
4338
4339
4340
4341
4342
4343
4347
4348
4349
4350
4351
4352
4353
4354
4355
4356
4363
4364
4365
4367
4368
4370
4371
4372
4374
4375
4376
4377
4378
4381
4382
4383
4384
4385
4387
4389
4390
4393
4394
4395
4396
4397
4398
4399
4401
4403
4404
4405
4406
4407
4409
4410
4413
4415
4416
4417
4418
4419
4420
4421
4422
4423
4424
4425
4426
4427
4428
4429
4430
4431
4433
4434
4435
4438
4439
4440
4441
4442
4443
4444
4446
4447
4448
4449
4450
4451
4452
4453
4454
4455
4456
4458
4459
4460
4461
4462
4464
4466
4467
4469
4473
4475
4476
4478
4480
4482
4483
4484
4485
4486
4487
4488
4489
4490
4491
4492
4493
4494
4495
4496
4497
4499
4500
4504
4505
4507
4508
4509
4511
4512
4514
4520
4521
4523
4524
4525
4532
4534
4538
4539
4540
4542
4548
4550
4551
4552
4553
4555
4557
4559
4560
4561
4562
4563
4564
4565
4566
4568
4569
4570
4571
4572
4574
4575
4576
4577
4582
4583
4585
4587
4588
4589
4593
4594
4596
4597
4598
4599
4601
4602
4603
4604
4606
4608
4609
4611
4612
4613
4614
4615
4619
4620
4621
4622
4623
4624
4625
4626
4627
4631
4632
4635
4636
4638
4639
4640
4641
4644
4645
4646
4647
4649
4650
4651
4652
4653
4654
4657
4658
4660
4661
4663
4664
4665
4666
4668
4670
4672
4673
4674
4675
4676
4677
4678
4680
4681
4682
4683
4684
4685
4687
4689
4691
4692
4693
4694
4695
4696
4697
4698
4699
4700
4701
4702
4703
4704
4706
4707
4708
4709
4710
4711
4712
4714
4715
4716
4717
4718
4720
4721
4722
4723
4724
4725
4726
4727
4728
4730
4731
4732
4733
4734
4735
4736
4737
4738
4740
4741
4742
4744
4747
4749
4753
4755
4758
4759
4761
4762
4763
4764
4766
4768
4770
4773
4775
4776
4777
4778
4780
4781
4782
4783
4785
4786
4788
4789
4790
4791
4793
4794
4796
4798
4799
4800
4802
4803
4804
4805
4806
4808
4812
4814
4816
4819
4820
4821
4822
4824
4825
4827
4828
4829
4830
4831
4832
4833
4835
4837
4838
4839
4842
4843
4845
4846
4848
4849
4850
4851
4852
4854
4855
4856
4859
4861
4862
4863
4865
4867
4868
4869
4870
4871
4873
4875
4876
4879
4880
4883
4884
4887
4889
4892
4894
4895
4896
4899
4900
4904
4905
4907
4908
4910
4911
4912
4914
4915
4916
4918
4919
4920
4921
4922
4923
4924
4926
4927
4928
4931
4932
4933
4935
4936
4938
4941
4944
4945
4946
4948
4949
4951
4952
4953
4954
4957
4961
4962
4963
4964
4965
4966
4967
4968
4973
4974
4975
4976
4978
4981
4982
4984
4985
4986
4987
4988
4990
4991
4992
4993
4994
4997
4998
5000
5001
5002
5006
5007
5008
5013
5014
5016
5018
5020
5021
5022
5023
5024
5025
5026
5027
5028
5029
5030
5031
5033
5034
5037
5038
5039
5041
5042
5045
5046
5047
5049
5050
5051
5052
5053
5054
5055
5058
5059
5062
5063
5064
5065
5066
5067
5069
5071
5072
5073
5074
5076
5077
5078
5079
5082
5086
5087
5088
5089
5093
5094
5097
5098
5099
5100
5101
5102
5103
5104
5106
5108
5109
5110
5111
5113
5116
5119
5120
5121
5122
5123
5124
5125
5126
5127
5128
5129
5131
5132
5133
5134
5135
5137
5138
5141
5142
5143
5145
5148
5149
5150
5154
5155
5156
5157
5158
5159
5160
5161
5162
5163
5164
5166
5167
5168
5169
5170
5171
5172
5173
5175
5176
5177
5180
5181
5182
5183
5184
5186
5187
5191
5193
5196
5197
5198
5199
5200
5202
5203
5205
5206
5207
5208
5209
5210
5211
5212
5213
5214
5215
5216
5217
5220
5222
5223
5226
5227
5228
5229
5230
5231
5232
5233
5234
5235
5236
5237
5242
5247
5248
5249
5250
5251
5252
5253
5256
5257
5258
5259
5260
5263
5266
5267
5268
5270
5271
5272
5273
5275
5276
5278
5279
5280
5281
5282
5283
5284
5286
5287
5288
5289
5290
5291
5292
5293
5296
5297
5298
5299
5302
5305
5306
5307
5309
5312
5315
5317
5318
5319
5320
5322
5323
5324
5325
5326
5327
5328
5329
5330
5331
5333
5334
5336
5340
5341
5342
5344
5345
5346
5348
5350
5351
5352
5354
5355
5356
5358
5359
5363
5364
5365
5366
5367
5368
5369
5371
5372
5373
5374
5375
5376
5377
5378
5379
5381
5382
5384
5385
5386
5389
5390
5392
5393
5396
5398
5400
5401
5402
5403
5404
5405
5406
5407
5408
5409
5410
5412
5413
5414
5415
5417
5419
5420
5423
5424
5426
5428
5431
5432
5433
5437
5440
5442
5443
5444
5446
5447
5449
5452
5454
5455
5456
5457
5459
5460
5461
5462
5463
5465
5467
5468
5469
5470
5472
5473
5474
5475
5476
5480
5481
5482
5485
5486
5487
5488
5489
5490
5491
5492
5494
5495
5496
5497
5498
5499
5500
5501
5502
5503
5506
5507
5508
5510
5511
5512
5513
5514
5515
5517
5518
5519
5520
5521
5522
5523
5524
5525
5527
5529
5530
5534
5535
5536
5537
5538
5539
5541
5542
5543
5544
5545
5546
5548
5550
5551
5552
5553
5554
5555
5556
5560
5562
5563
5564
5565
5566
5567
5568
5569
5570
5571
5572
5573
5575
5576
5577
5578
5579
5580
5582
5583
5584
5585
5586
5587
5588
5589
5591
5592
5593
5594
5596
5598
5599
5600
5602
5604
5606
5607
5608
5609
5610
5611
5612
5614
5615
5616
5617
5618
5619
5620
5623
5624
5625
5626
5628
5629
5630
5631
5632
5633
5634
5635
5636
5637
5638
5639
5640
5642
5643
5645
5646
5647
5648
5650
5651
5652
5653
5655
5656
5657
5658
5659
5660
5661
5663
5664
5665
5667
5668
5669
5670
5673
5674
5675
5676
5677
5679
5681
5682
5683
5685
5687
5688
5689
5690
5691
5695
5696
5697
5698
5699
5700
5702
5703
5704
5705
5706
5707
5709
5710
5712
5713
5715
5716
5717
5720
5721
5722
5723
5724
5725
5726
5729
5730
5731
5732
5733
5734
5735
5736
5737
5738
5741
5742
5744
5745
5746
5747
5748
5750
5751
5752
5754
5755
5756
5757
5758
5759
5760
5765
5766
5768
5769
5771
5772
5773
5774
5775
5776
5778
5779
5780
5781
5786
5788
5789
5790
5791
5792
5793
5794
5796
5801
5802
5804
5805
5806
5812
5814
5815
5816
5817
5819
5820
5821
5822
5823
5825
5826
5827
5828
5830
5832
5833
5836
5837
5839
5841
5842
5843
5845
5846
5847
5848
5850
5851
5852
5854
5855
5856
5857
5859
5860
5861
5862
5864
5865
5866
5867
5869
5870
5872
5873
5874
5875
5876
5878
5881
5882
5883
5884
5885
5887
5888
5890
5891
5892
5893
5894
5896
5897
5898
5899
5900
5901
5902
5905
5906
5907
5908
5911
5913
5914
5916
5917
5918
5919
5920
5921
5923
5924
5925
5927
5928
5931
5933
5934
5935
5937
5939
5941
5942
5943
5944
5945
5947
5948
5949
5951
5953
5954
5955
5956
5957
5958
5959
5960
5961
5962
5963
5964
5967
5970
5971
5972
5973
5975
5976
5977
5978
5980
5981
5982
5985
5987
5988
5989
5991
5992
5993
5994
5995
5997
5998
5999
6000
6001
6003
6004
6005
6007
6008
6009
6010
6011
6012
6013
6014
6015
6017
6018
6019
6020
6022
6025
6026
6032
6033
6034
6036
6037
6042
6043
6046
6048
6049
6050
6051
6052
6053
6055
6056
6058
6059
6060
6061
6062
6063
6064
6065
6066
6068
6069
6070
6072
6074
6075
6077
6078
6079
6080
6082
6083
6084
6085
6086
6088
6089
6090
6093
6095
6096
6097
6100
6102
6103
6104
6105
6107
6108
6109
6111
6113
6114
6115
6116
6117
6118
6119
6120
6121
6122
6123
6125
6127
6128
6130
6131
6134
6135
6137
6138
6139
6141
6142
6143
6145
6146
6147
6148
6149
6151
6155
6156
6157
6158
6160
6161
6162
6163
6164
6165
6166
6168
6169
6171
6174
6176
6177
6178
6179
6180
6181
6182
6183
6184
6185
6187
6188
6190
6191
6192
6193
6194
6195
6196
6197
6202
6206
6207
6208
6210
6211
6212
6213
6214
6215
6216
6217
6221
6222
6224
6225
6226
6227
6228
6230
6231
6233
6234
6235
6236
6237
6238
6239
6240
6241
6242
6243
6244
6246
6248
6250
6251
6252
6253
6255
6258
6260
6261
6262
6265
6266
6271
6272
6273
6275
6276
6277
6278
6280
6282
6283
6286
6287
6288
6290
6291
6292
6293
6294
6298
6300
6303
6304
6305
6306
6307
6308
6311
6321
6322
6324
6325
6326
6327
6328
6329
6330
6333
6334
6335
6336
6338
6339
6341
6346
6347
6348
6349
6350
6351
6352
6354
6355
6356
6357
6361
6363
6365
6366
6368
6370
6371
6372
6373
6374
6379
6380
6381
6382
6384
6385
6386
6387
6388
6391
6393
6396
6397
6398
6399
6401
6402
6403
6404
6405
6408
6409
6410
6411
6414
6415
6418
6420
6421
6425
6426
6431
6433
6434
6435
6437
6438
6439
6441
6446
6447
6448
6449
6450
6451
6452
6453
6454
6456
6457
6459
6461
6463
6465
6467
6468
6469
6470
6472
6473
6475
6476
6478
6480
6484
6485
6486
6487
6488
6490
6491
6493
6494
6496
6497
6498
6500
6502
6505
6506
6507
6511
6512
6513
6515
6516
6517
6520
6522
6523
6524
6525
6526
6528
6530
6531
6532
6534
6535
6536
6537
6539
6541
6542
6543
6546
6547
6549
6550
6553
6554
6555
6556
6557
6558
6561
6562
6564
6565
6566
6567
6571
6573
6576
6577
6578
6579
6583
6584
6585
6586
6588
6589
6590
6591
6592
6593
6594
6595
6596
6597
6598
6599
6600
6602
6604
6605
6606
6608
6609
6611
6613
6614
6615
6618
6620
6621
6625
6626
6627
6628
6631
6632
6634
6637
6639
6640
6641
6642
6644
6645
6647
6648
6649
6654
6655
6656
6658
6660
6661
6662
6663
6665
6666
6667
6668
6669
6671
6672
6674
6676
6678
6679
6680
6681
6682
6685
6686
6687
6688
6689
6690
6693
6694
6695
6696
6697
6701
6702
6704
6705
6706
6707
6708
6710
6711
6712
6713
6715
6716
6717
6720
6722
6724
6727
6728
6730
6731
6732
6733
6735
6736
6737
6738
6739
6740
6745
6747
6748
6749
6750
6753
6754
6755
6756
6757
6758
6759
6763
6764
6765
6766
6768
6769
6770
6771
6772
6773
6775
6776
6777
6778
6779
6780
6781
6783
6784
6785
6786
6789
6790
6791
6792
6794
6795
6799
6800
6801
6804
6805
6806
6807
6808
6809
6810
6811
6812
6813
6814
6815
6816
6819
6820
6821
6822
6824
6825
6826
6828
6829
6831
6832
6833
6834
6835
6836
6837
6839
6840
6841
6843
6844
6845
6846
6847
6848
6849
6850
6853
6854
6855
6856
6860
6861
6862
6863
6864
6865
6867
6868
6869
6870
6872
6874
6875
6876
6881
6882
6883
6884
6885
6886
6887
6888
6889
6890
6892
6893
6894
6895
6896
6897
6898
6899
6900
6901
6902
6903
6904
6906
6908
6910
6914
6915
6916
6917
6918
6919
6921
6922
6923
6924
6926
6927
6929
6930
6931
6933
6935
6937
6938
6939
6940
6941
6942
6944
6945
6946
6947
6949
6950
6951
6952
6953
6954
6955
6956
6957
6959
6960
6961
6963
6964
6965
6968
6969
6970
6973
6974
6975
6976
6978
6980
6981
6982
6983
6984
6985
6986
6987
6989
6990
6992
6994
6997
6998
6999
7000
7001
7002
7003
7004
7006
7007
7008
7010
7011
7012
7013
7014
7015
7016
7017
7018
7019
7020
7021
7022
7024
7025
7026
7028
7029
7030
7032
7035
7036
7037
7043
7044
7045
7046
7047
7049
7050
7052
7054
7055
7057
7058
7059
7060
7061
7062
7063
7064
7065
7066
7067
7068
7071
7072
7073
7074
7075
7076
7079
7080
7081
7083
7084
7088
7090
7091
7093
7095
7096
7097
7098
7099
7101
7102
7105
7108
7110
7111
7113
7114
7115
7116
7117
7118
7119
7120
7121
7122
7123
7126
7128
7129
7130
7131
7132
7134
7135
7136
7139
7140
7147
7148
7149
7150
7152
7153
7154
7155
7156
7157
7159
7161
7162
7164
7166
7168
7170
7171
7172
7173
7174
7175
7176
7177
7179
7181
7182
7183
7184
7187
7188
7190
7191
7192
7194
7196
7199
7202
7204
7205
7206
7207
7209
7210
7212
7214
7215
7216
7217
7218
7219
7220
7221
7223
7224
7225
7226
7227
7228
7229
7230
7232
7233
7234
7235
7236
7237
7238
7240
7242
7244
7245
7246
7249
7250
7252
7253
7254
7257
7259
7260
7263
7264
7267
7268
7269
7272
7274
7275
7276
7278
7280
7282
7283
7284
7285
7286
7287
7289
7290
7291
7296
7297
7299
7300
7301
7302
7303
7307
7308
7310
7311
7312
7313
7316
7317
7318
7319
7320
7321
7323
7324
7325
7326
7328
7329
7330
7333
7339
7341
7342
7343
7344
7345
7346
7349
7351
7352
7353
7354
7356
7357
7358
7360
7361
7363
7364
7365
7366
7369
7373
7375
7377
7379
7380
7381
7383
7385
7389
7391
7393
7394
7396
7397
7399
7400
7402
7403
7404
7405
7406
7407
7408
7412
7413
7415
7416
7417
7418
7420
7421
7422
7423
7424
7425
7426
7427
7431
7434
7435
7437
7438
7441
7442
7443
7444
7446
7448
7451
7452
7453
7454
7455
7458
7459
7460
7461
7465
7467
7468
7469
7470
7473
7477
7479
7482
7483
7484
7486
7487
7489
7490
7492
7493
7494
7495
7496
7497
7498
7499
7500
7502
7503
7505
7506
7508
7509
7510
7511
7512
7513
7514
7518
7519
7520
7521
7522
7523
7524
7527
7528
7529
7530
7531
7532
7533
7535
7536
7537
7538
7539
7540
7542
7543
7544
7545
7546
7547
7548
7549
7550
7551
7553
7554
7556
7558
7559
7560
7562
7565
7567
7568
7569
7570
7571
7572
7573
7575
7576
7577
7578
7581
7582
7585
7586
7588
7590
7591
7592
7596
7597
7598
7599
7600
7601
7603
7604
7610
7611
7612
7613
7615
7616
7618
7619
7620
7621
7622
7623
7625
7626
7627
7628
7629
7631
7632
7633
7634
7636
7639
7640
7641
7642
7643
7644
7645
7646
7647
7648
7650
7651
7652
7653
7655
7658
7660
7663
7664
7668
7672
7674
7675
7676
7677
7678
7681
7684
7690
7691
7694
7696
7697
7698
7700
7701
7702
7703
7704
7705
7706
7707
7710
7711
7713
7714
7715
7716
7717
7718
7719
7720
7722
7723
7724
7727
7729
7730
7731
7732
7733
7734
7735
7737
7738
7739
7740
7743
7744
7745
7746
7747
7749
7752
7754
7755
7756
7759
7760
7761
7762
7764
7770
7771
7772
7773
7776
7778
7779
7780
7781
7782
7784
7785
7786
7790
7791
7792
7793
7796
7797
7798
7799
7800
7801
7803
7804
7805
7806
7807
7809
7812
7813
7814
7815
7816
7818
7819
7820
7821
7822
7823
7825
7826
7827
7828
7829
7830
7831
7832
7836
7837
7838
7839
7840
7843
7844
7845
7846
7848
7849
7851
7852
7853
7854
7855
7857
7858
7861
7862
7864
7868
7869
7871
7873
7874
7875
7877
7878
7879
7880
7883
7885
7886
7891
7893
7894
7896
7897
7899
7902
7903
7904
7906
7907
7908
7909
7910
7912
7913
7915
7916
7917
7918
7919
7921
7922
7926
7927
7929
7930
7931
7932
7933
7934
7935
7936
7937
7938
7940
7943
7944
7945
7947
7950
7953
7954
7957
7959
7960
7962
7963
7964
7966
7970
7971
7973
7975
7977
7979
7982
7983
7984
7985
7986
7987
7988
7989
7994
7995
7997
7998
7999
8000
8001
8002
8003
8004
8007
8008
8011
8013
8014
8016
8017
8019
8025
8028
8029
8033
8035
8036
8037
8039
8040
8041
8042
8043
8048
8051
8052
8053
8054
8055
8058
8061
8064
8065
8066
8068
8071
8072
8073
8074
8076
8077
8081
8085
8086
8088
8089
8090
8091
8092
8094
8096
8099
8100
8101
8105
8106
8108
8110
8111
8113
8115
8117
8119
8120
8124
8125
8127
8129
8130
8131
8132
8137
8138
8146
8149
8151
8152
8154
8155
8159
8161
8163
8168
8169
8170
8171
8172
8174
8175
8177
8179
8181
8182
8186
8188
8189
8190
8194
8195
8197
8198
8201
8202
8203
8205
8206
8210
8211
8213
8214
8215
8217
8229
8230
8231
8232
8234
8235
8236
8238
8239
8240
8242
8243
8245
8246
8247
8252
8253
8254
8255
8256
8257
8258
8259
8260
8264
8266
8267
8268
8271
8272
8273
8274
8275
8276
8277
8278
8279
8280
8285
8289
8292
8293
8301
8304
8305
8306
8309
8310
8314
8316
8317
8318
8319
8321
8323
8325
8327
8328
8329
8330
8331
8334
8336
8337
8338
8340
8341
8343
8344
8346
8347
8348
8349
8351
8354
8355
8356
8357
8358
8359
8360
8364
8366
8367
8368
8371
8372
8373
8375
8381
8382
8383
8384
8385
8387
8388
8391
8392
8393
8394
8395
8397
8399
8401
8402
8403
8406
8408
8410
8412
8413
8416
8420
8421
8422
8424
8426
8427
8428
8429
8431
8433
8434
8435
8437
8438
8440
8441
8442
8444
8446
8448
8449
8450
8451
8452
8453
8456
8459
8462
8464
8465
8467
8469
8470
8471
8472
8475
8476
8477
8478
8481
8483
8485
8487
8489
8490
8492
8493
8496
8497
8498
8499
8500
8501
8502
8505
8506
8507
8508
8510
8512
8513
8514
8515
8516
8517
8518
8520
8521
8524
8525
8526
8527
8528
8532
8533
8535
8538
8541
8542
8546
8547
8548
8549
8550
8551
8552
8553
8554
8556
8557
8558
8561
8562
8563
8564
8565
8566
8567
8568
8570
8571
8572
8573
8575
8576
8578
8579
8580
8582
8583
8585
8587
8589
8590
8591
8593
8594
8595
8597
8598
8600
8601
8602
8603
8604
8606
8607
8608
8609
8610
8611
8613
8615
8616
8617
8622
8624
8625
8626
8627
8629
8630
8631
8632
8633
8634
8635
8636
8638
8641
8643
8644
8647
8649
8651
8652
8653
8654
8656
8657
8658
8659
8660
8661
8662
8666
8667
8668
8670
8674
8675
8676
8677
8678
8679
8680
8681
8682
8685
8686
8687
8688
8690
8691
8692
8694
8695
8696
8697
8698
8701
8703
8704
8705
8706
8707
8708
8709
8712
8713
8714
8715
8716
8717
8719
8720
8721
8723
8727
8728
8729
8730
8732
8733
8734
8735
8738
8740
8742
8743
8744
8745
8746
8749
8750
8751
8752
8753
8754
8755
8756
8758
8759
8760
8761
8762
8763
8764
8765
8767
8769
8770
8771
8773
8774
8775
8781
8782
8785
8786
8788
8789
8790
8791
8793
8796
8797
8798
8800
8801
8802
8803
8808
8809
8810
8811
8813
8815
8816
8817
8820
8824
8825
8827
8828
8831
8832
8833
8834
8835
8836
8837
8839
8840
8841
8844
8845
8846
8848
8851
8853
8855
8857
8859
8860
8861
8863
8864
8866
8867
8868
8872
8873
8874
8876
8877
8878
8879
8883
8886
8887
8889
8891
8893
8894
8895
8896
8898
8901
8902
8903
8906
8909
8912
8913
8914
8916
8917
8918
8919
8921
8922
8923
8924
8925
8926
8927
8928
8929
8930
8931
8932
8933
8934
8936
8938
8941
8942
8943
8944
8945
8948
8949
8950
8953
8954
8955
8956
8957
8959
8961
8962
8963
8964
8965
8966
8967
8968
8970
8971
8973
8977
8978
8979
8980
8984
8985
8986
8989
8990
8991
8992
8993
8994
8997
8998
8999
9000
9001
9002
9003
9004
9005
9010
9012
9013
9014
9018
9019
9021
9023
9027
9029
9030
9031
9034
9035
9036
9037
9042
9043
9044
9045
9046
9047
9048
9049
9051
9052
9054
9055
9056
9057
9058
9059
9060
9061
9062
9065
9066
9069
9070
9071
9074
9075
9076
9077
9078
9080
9082
9083
9085
9086
9087
9090
9091
9092
9093
9094
9095
9096
9098
9099
9100
9101
9102
9104
9106
9107
9109
9110
9112
9114
9115
9117
9118
9122
9123
9125
9129
9130
9135
9137
9138
9139
9141
9142
9143
9147
9150
9155
9156
9163
9164
9165
9166
9167
9168
9169
9171
9173
9174
9177
9179
9182
9183
9186
9187
9188
9192
9193
9195
9196
9197
9202
9205
9206
9207
9208
9210
9216
9217
9219
9220
9222
9223
9224
9225
9227
9228
9231
9232
9234
9235
9236
9238
9239
9241
9242
9243
9244
9245
9246
9247
9248
9249
9252
9253
9255
9256
9257
9258
9261
9262
9263
9264
9266
9267
9268
9269
9270
9271
9274
9275
9276
9278
9284
9286
9289
9292
9295
9297
9298
9299
9301
9302
9303
9304
9305
9307
9308
9309
9316
9317
9318
9319
9320
9322
9324
9325
9327
9328
9329
9330
9332
9333
9335
9337
9339
9340
9341
9342
9343
9345
9346
9352
9353
9354
9355
9356
9362
9365
9366
9367
9368
9369
9371
9372
9375
9378
9379
9380
9382
9383
9385
9387
9389
9391
9394
9395
9397
9399
9402
9404
9406
9407
9408
9411
9412
9413
9414
9415
9416
9418
9420
9421
9422
9426
9427
9428
9429
9430
9431
9432
9433
9434
9436
9437
9439
9440
9441
9442
9446
9447
9451
9455
9456
9457
9458
9459
9461
9462
9465
9466
9468
9470
9471
9472
9474
9475
9477
9478
9479
9480
9488
9490
9492
9493
9494
9496
9497
9498
9499
9501
9502
9503
9504
9506
9507
9508
9509
9510
9511
9512
9513
9515
9516
9517
9518
9521
9522
9524
9525
9526
9528
9530
9531
9533
9536
9538
9541
9543
9544
9545
9546
9547
9548
9551
9553
9554
9556
9557
9558
9560
9561
9563
9564
9565
9570
9571
9572
9574
9575
9576
9577
9578
9581
9585
9588
9589
9591
9601
9604
9605
9606
9611
9612
9613
9615
9618
9619
9620
9621
9622
9623
9624
9625
9626
9627
9628
9629
9630
9631
9632
9634
9635
9636
9637
9638
9640
9643
9644
9645
9647
9648
9649
9650
9651
9652
9656
9659
9660
9661
9665
9666
9670
9671
9672
9673
9676
9679
9681
9682
9684
9685
9686
9690
9691
9692
9696
9697
9698
9699
9700
9701
9704
9706
9707
9708
9709
9710
9711
9712
9713
9714
9719
9720
9721
9722
9727
9730
9731
9733
9735
9736
9737
9738
9739
9740
9741
9742
9743
9744
9749
9750
9751
9753
9757
9759
9760
9761
9762
9763
9764
9765
9766
9767
9768
9769
9770
9772
9777
9778
9779
9780
9781
9782
9783
9784
9785
9786
9788
9789
9792
9793
9795
9797
9799
9800
9801
9802
9803
9804
9806
9807
9809
9811
9812
9813
9815
9816
9821
9824
9825
9829
9832
9833
9834
9836
9837
9838
9840
9841
9844
9845
9846
9847
9848
9850
9851
9852
9853
9855
9859
9861
9863
9865
9867
9868
9869
9870
9872
9874
9875
9877
9878
9879
9880
9881
9882
9883
9884
9885
9889
9891
9892
9894
9895
9896
9897
9899
9900
9901
9902
9904
9907
9908
9910
9911
9913
9914
9916
9917
9919
9920
9921
9924
9925
9929
9930
9931
9933
9936
9938
9940
9942
9944
9945
9946
9947
9948
9949
9950
9952
9953
9954
9955
9956
9957
9958
9959
9960
9961
9962
9963
9967
9968
9972
9973
9976
9977
9980
9982
9984
9985
9989
9990
9992
9993
9994
9996
9997
9998
9999
10000
10001
10003
10004
10005
10006
10007
10009
10010
10011
10012
10013
10014
10015
10018
10019
10020
10023
10024
10027
10028
10030
10031
10032
10033
10034
10035
10036
10037
10038
10039
10042
10043
10045
10046
10047
10050
10053
10054
10058
10059
10060
10061
10062
10063
10064
10065
10070
10071
10073
10074
10077
10078
10080
10081
10082
10083
10086
10088
10089
10090
10091
10092
10093
10094
10095
10096
10097
10098
10103
10104
10105
10109
10110
10111
10112
10113
10115
10116
10117
10118
10119
10121
10124
10125
10126
10127
10129
10132
10133
10134
10136
10137
10138
10139
10142
10143
10144
10145
10148
10150
10151
10152
10154
10155
10157
10158
10159
10160
10164
10165
10167
10169
10171
10173
10174
10175
10176
10178
10179
10180
10181
10183
10186
10187
10188
10189
10190
10191
10192
10193
10194
10196
10198
10199
10200
10201
10202
10203
10206
10207
10208
10209
10210
10211
10212
10214
10215
10216
10217
10218
10222
10223
10224
10225
10226
10228
10233
10234
10235
10236
10237
10239
10241
10242
10243
10246
10247
10248
10254
10255
10257
10260
10262
10263
10264
10267
10268
10269
10270
10271
10272
10273
10274
10275
10278
10279
10280
10281
10282
10283
10287
10288
10289
10290
10291
10294
10298
10299
10300
10302
10303
10304
10305
10306
10308
10311
10312
10316
10317
10318
10319
10320
10321
10322
10324
10325
10326
10328
10329
10330
10331
10332
10334
10337
10338
10339
10341
10343
10344
10348
10350
10351
10352
10353
10354
10356
10357
10362
10364
10366
10367
10375
10376
10377
10379
10380
10381
10382
10383
10385
10386
10392
10393
10394
10398
10400
10401
10402
10405
10407
10408
10409
10410
10412
10413
10414
10417
10418
10419
10420
10421
10424
10426
10427
10429
10430
10431
10433
10437
10446
10447
10448
10449
10450
10454
10455
10456
10457
10458
10459
10462
10463
10464
10465
10466
10467
10468
10469
10471
10473
10476
10477
10479
10483
10487
10490
10491
10492
10493
10495
10498
10499
10500
10502
10503
10504
10505
10506
10507
10508
10512
10513
10514
10515
10518
10519
10520
10521
10522
10523
10524
10525
10526
10532
10533
10537
10538
10539
10540
10541
10542
10543
10545
10546
10548
10550
10551
10552
10553
10556
10557
10558
10561
10562
10563
10568
10569
10570
10571
10574
10575
10576
10580
10582
10584
10585
10586
10587
10588
10591
10593
10595
10596
10598
10600
10601
10602
10604
10605
10606
10607
10608
10609
10612
10613
10614
10615
10616
10620
10621
10622
10625
10627
10628
10629
10630
10631
10632
10633
10634
10637
10638
10639
10641
10642
10644
10645
10646
10647
10648
10649
10652
10653
10659
10660
10662
10664
10669
10670
10673
10674
10675
10676
10677
10678
10679
10680
10681
10683
10684
10685
10688
10689
10691
10693
10696
10698
10700
10701
10703
10705
10706
10707
10708
10709
10711
10712
10713
10715
10716
10717
10718
10724
10726
10727
10730
10731
10732
10734
10735
10742
10743
10744
10747
10748
10750
10753
10755
10756
10758
10759
10760
10761
10763
10764
10765
10774
10775
10776
10777
10779
10780
10785
10786
10788
10789
10792
10795
10796
10798
10799
10801
10803
10805
10806
10807
10808
10809
10810
10812
10813
10817
10818
10820
10821
10822
10823
10824
10825
10826
10828
10829
10832
10836
10838
10841
10842
10844
10846
10847
10848
10851
10853
10854
10855
10856
10859
10863
10864
10865
10866
10870
10872
10873
10874
10877
10878
10879
10881
10882
10886
10888
10889
10891
10892
10894
10895
10896
10897
10898
10902
10903
10905
10906
10907
10910
10912
10914
10915
10916
10918
10919
10920
10922
10923
10924
10926
10929
10930
10932
10935
10936
10937
10942
10944
10945
10946
10947
10949
10950
10951
10954
10955
10956
10957
10958
10960
10961
10962
10965
10967
10968
10969
10970
10975
10980
10981
10982
10983
10984
10985
10986
10988
10989
10994
10995
10996
10997
10998
10999
11000
11001
11002
11004
11005
11006
11008
11009
11010
11012
11013
11016
11017
11018
11019
11020
11021
11022
11023
11028
11029
11030
11032
11033
11035
11039
11045
11046
11050
11051
11054
11056
11057
11059
11060
11062
11063
11064
11068
11069
11071
11073
11076
11079
11080
11081
11084
11085
11087
11088
11089
11090
11094
11095
11096
11097
11102
11103
11105
11106
11113
11116
11117
11118
11119
11122
11123
11125
11129
11130
11133
11135
11136
11137
11138
11141
11142
11144
11145
11146
11150
11153
11157
11158
11159
11161
11162
11163
11167
11168
11169
11170
11171
11172
11173
11174
11175
11176
11177
11178
11179
11180
11181
11182
11183
11184
11185
11186
11187
11190
11192
11193
11195
11196
11197
11199
11201
11206
11207
11209
11210
11211
11212
11214
11216
11217
11218
11219
11220
11221
11223
11224
11225
11226
11227
11231
11234
11236
11240
11242
11243
11244
11245
11246
11248
11251
11252
11256
11257
11259
11260
11263
11264
11268
11269
11270
11275
11276
11281
11284
11285
11286
11288
11289
11292
11293
11294
11297
11298
11299
11300
11304
11305
11306
11309
11311
11313
11314
11315
11316
11317
11319
11320
11321
11323
11327
11329
11330
11331
11333
11334
11337
11338
11340
11343
11345
11346
11347
11348
11349
11350
11352
11353
11354
11355
11356
11357
11359
11361
11362
11365
11366
11367
11368
11369
11370
11371
11372
11374
11375
11377
11378
11379
11382
11384
11385
11386
11388
11390
11391
11392
11393
11395
11396
11397
11399
11400
11403
11404
11405
11407
11408
11410
11411
11414
11415
11416
11418
11420
11421
11424
11425
11426
11427
11428
11429
11433
11434
11435
11436
11437
11438
11439
11441
11443
11446
11447
11449
11450
11451
11452
11455
11456
11457
11459
11460
11461
11462
11464
11466
11467
11468
11469
11471
11473
11474
11475
11476
11477
11479
11481
11482
11484
11486
11488
11489
11490
11493
11495
11498
11500
11503
11504
11505
11507
11512
11513
11516
11517
11518
11519
11520
11521
11524
11529
11530
11531
11532
11533
11534
11535
11536
11537
11539
11540
11541
11544
11548
11549
11550
11551
11552
11553
11554
11555
11556
11557
11558
11561
11562
11563
11564
11565
11566
11567
11568
11569
11570
11571
11573
11574
11578
11580
11581
11583
11585
11588
11589
11590
11592
11593
11594
11595
11596
11599
11603
11604
11605
11606
11607
11609
11610
11611
11612
11613
11614
11615
11616
11617
11625
11626
11627
11628
11629
11630
11631
11639
11640
11641
11644
11646
11648
11650
11651
11657
11658
11659
11662
11665
11666
11667
11668
11670
11672
11673
11674
11676
11677
11678
11679
11680
11681
11683
11684
11687
11688
11689
11691
11693
11694
11697
11698
11699
11701
11702
11703
11704
11706
11707
11709
11710
11712
11713
11714
11715
11716
11717
11718
11719
11720
11722
11726
11727
11729
11730
11731
11733
11734
11735
11736
11737
11739
11741
11742
11744
11745
11746
11747
11748
11749
11750
11751
11753
11755
11756
11757
11759
11760
11761
11762
11763
11764
11765
11768
11769
11771
11772
11776
11778
11779
11780
11782
11783
11785
11786
11788
11789
11790
11791
11792
11793
11795
11797
11798
11799
11800
11801
11805
11806
11808
11811
11812
11813
11814
11817
11818
11820
11822
11824
11826
11827
11828
11831
11833
11834
11835
11836
11838
11839
11840
11841
11842
11845
11846
11851
11854
11858
11860
11863
11864
11865
11866
11867
11869
11870
11872
11874
11875
11876
11877
11878
11879
11881
11882
11883
11884
11887
11888
11889
11890
11891
11892
11894
11895
11897
11898
11899
11900
11901
11902
11903
11906
11907
11908
11909
11910
11913
11914
11915
11919
11920
11925
11927
11929
11930
11931
11932
11933
11934
11935
11936
11937
11938
11939
11940
11941
11942
11943
11945
11946
11949
11952
11953
11954
11955
11956
11958
11959
11960
11961
11962
11964
11968
11971
11973
11975
11976
11979
11980
11982
11983
11985
11986
11987
11989
11990
11991
11992
11993
11994
11996
11997
11998
11999
12000
12002
12005
12006
12007
12008
12009
12011
12012
12013
12014
12015
12016
12017
12019
12020
12022
12024
12025
12026
12027
12028
12029
12030
12031
12032
12035
12036
12037
12038
12039
12040
12041
12042
12043
12044
12046
12048
12049
12054
12055
12056
12057
12058
12059
12060
12061
12062
12063
12064
12066
12067
12068
12069
12071
12072
12073
12077
12078
12081
12082
12084
12085
12086
12087
12088
12090
12092
12093
12094
12096
12097
12098
12099
12100
12101
12103
12105
12110
12112
12113
12115
12118
12119
12121
12123
12124
12125
12126
12127
12128
12129
12131
12132
12135
12136
12137
12138
12139
12140
12142
12143
12144
12145
12149
12150
12152
12154
12155
12157
12159
12161
12164
12165
12166
12169
12170
12171
12173
12174
12177
12178
12179
12180
12181
12182
12183
12184
12185
12186
12187
12190
12193
12194
12195
12196
12197
12199
12201
12202
12203
12204
12207
12209
12210
12211
12212
12213
12214
12216
12217
12218
12220
12224
12225
12226
12228
12229
12230
12231
12232
12234
12235
12236
12237
12239
12242
12244
12246
12248
12249
12250
12252
12254
12256
12257
12258
12260
12262
12263
12264
12265
12266
12267
12269
12270
12272
12273
12274
12275
12276
12278
12280
12283
12284
12285
12286
12288
12290
12291
12292
12294
12299
12300
12302
12304
12305
12307
12308
12309
12310
12311
12312
12314
12317
12320
12322
12323
12324
12327
12328
12329
12330
12333
12334
12335
12336
12337
12338
12341
12342
12343
12345
12346
12349
12350
12351
12352
12353
12354
12355
12356
12357
12358
12359
12360
12361
12364
12366
12367
12368
12370
12372
12374
12377
12378
12379
12380
12383
12384
12385
12386
12387
12388
12390
12392
12393
12394
12395
12399
12400
12401
12402
12403
12405
12406
12408
12410
12412
12414
12415
12417
12419
12420
12424
12426
12427
12428
12429
12430
12431
12434
12436
12437
12438
12440
12441
12442
12444
12446
12448
12449
12450
12451
12454
12455
12458
12459
12464
12466
12467
12468
12469
12470
12471
12472
12473
12474
12475
12478
12479
12480
12481
12482
12483
12486
12487
12488
12491
12492
12493
12498
12500
12501
12503
12504
12505
12507
12510
12511
12512
12513
12514
12516
12520
12522
12524
12525
12526
12528
12529
12530
12531
12534
12535
12536
12537
12538
12539
12540
12541
12542
12543
12546
12549
12550
12553
12554
12555
12556
12557
12558
12559
12560
12563
12565
12566
12567
12570
12571
12572
12574
12575
12577
12579
12580
12581
12582
12583
12585
12586
12589
12592
12593
12595
12597
12598
12599
12601
12603
12605
12608
12609
12611
12613
12615
12616
12617
12619
12621
12622
12623
12626
12627
12629
12634
12635
12636
12638
12639
12646
12647
12648
12650
12651
12654
12655
12656
12658
12660
12661
12662
12663
12664
12666
12668
12669
12671
12673
12676
12677
12680
12682
12685
12686
12687
12690
12691
12694
12695
12697
12698
12699
12700
12701
12702
12703
12704
12705
12710
12714
12715
12716
12717
12718
12719
12720
12721
12723
12724
12725
12726
12727
12729
12730
12735
12736
12738
12739
12744
12746
12748
12749
12750
12751
12752
12753
12757
12758
12759
12760
12761
12762
12763
12764
12765
12766
12767
12768
12769
12770
12772
12774
12775
12777
12779
12781
12783
12784
12787
12788
12789
12791
12792
12794
12801
12803
12804
12806
12809
12810
12811
12813
12814
12816
12817
12819
12820
12821
12823
12824
12825
12826
12827
12829
12830
12831
12832
12833
12834
12837
12839
12840
12844
12847
12848
12850
12851
12857
12858
12859
12860
12861
12862
12863
12865
12867
12868
12869
12870
12873
12874
12879
12882
12884
12886
12887
12888
12890
12891
12892
12893
12895
12899
12900
12901
12903
12904
12906
12907
12909
12910
12911
12912
12914
12915
12916
12917
12918
12923
12925
12926
12927
12928
12929
12933
12935
12937
12938
12939
12940
12941
12943
12944
12945
12946
12947
12949
12950
12951
12952
12953
12954
12955
12956
12957
12959
12960
12961
12963
12964
12965
12966
12967
12968
12970
12971
12972
12973
12974
12975
12976
12977
12978
12979
12982
12983
12984
12985
12986
12987
12990
12992
12993
12994
12996
12997
12999
13000
13001
13002
13003
13004
13005
13007
13008
13010
13011
13013
13014
13015
13016
13017
13019
13021
13022
13023
13024
13025
13026
13027
13028
13029
13031
13032
13033
13034
13035
13036
13037
13038
13040
13042
13043
13045
13046
13047
13049
13050
13052
13053
13057
13059
13060
13062
13065
13068
13069
13070
13071
13072
13074
13078
13081
13082
13083
13084
13085
13086
13088
13089
13090
13091
13092
13093
13095
13096
13099
13100
13102
13104
13105
13106
13107
13109
13111
13114
13115
13116
13117
13118
13119
13120
13122
13125
13127
13131
13132
13135
13136
13137
13138
13139
13140
13143
13144
13145
13146
13148
13150
13151
13155
13156
13157
13158
13159
13160
13161
13162
13163
13166
13167
13168
13170
13171
13172
13173
13175
13177
13180
13184
13185
13188
13190
13192
13194
13197
13198
13199
13200
13203
13204
13206
13207
13208
13209
13211
13212
13213
13214
13215
13216
13217
13220
13221
13222
13223
13225
13226
13228
13229
13230
13231
13232
13234
13236
13237
13239
13241
13242
13243
13245
13246
13248
13251
13252
13255
13256
13257
13258
13259
13261
13262
13263
13264
13265
13266
13270
13271
13272
13273
13274
13277
13278
13279
13280
13284
13287
13290
13291
13292
13293
13294
13295
13297
13299
13300
13302
13308
13309
13310
13311
13312
13314
13315
13316
13317
13318
13319
13320
13321
13324
13325
13327
13330
13331
13332
13337
13338
13340
13342
13343
13344
13345
13346
